               -286.0111180216
         -0.000147875      -0.000000000      -0.000000000
         -0.000000000      -0.000151022       0.000000000
         -0.000000000       0.000000000       0.000001555
          24
  1     6       0.001012086      -0.000000000      -0.000000000  C
  1     6      -0.000982905      -0.000000000      -0.000000000  C
  1     6      -0.000263871      -0.000000000      -0.000000000  C
  1     6      -0.001934655       0.000000000      -0.000000000  C
  1     6      -0.000323654       0.000000001      -0.000000000  C
  1     6       0.000009196       0.000000086      -0.000000000  C
  1     6      -0.055346700      -0.000001697      -0.000000000  C
  1     6       0.031984683      -0.000001066      -0.000000000  C
  1     6       0.011040314       0.000002743       0.000000000  C
  1     6      -0.000170884      -0.000000160      -0.000000000  C
  1     6       0.002962668       0.000000087      -0.000000000  C
  1     6      -0.001556135       0.000000005       0.000000000  C
  1     6       0.001749535       0.000000005      -0.000000000  C
  1     6      -0.001550017       0.000000084       0.000000000  C
  1     6      -0.000653401      -0.000000151      -0.000000000  C
  1     6      -0.011681101       0.000002614       0.000000000  C
  1     6      -0.031494988      -0.000001073      -0.000000000  C
  1     6       0.054985131      -0.000001563      -0.000000000  C
  1     6      -0.000343904       0.000000083       0.000000000  C
  1     6       0.000797626       0.000000001       0.000000000  C
  1     6       0.001319432       0.000000000       0.000000000  C
  1     6      -0.000555459      -0.000000000      -0.000000000  C
  1     6       0.002403653       0.000000000       0.000000000  C
  1     6      -0.000833888      -0.000000000       0.000000000  C
