    18
     1   -0.042759    0.000000    0.000000       0.033333
     2    0.000000    0.000000    0.000000       0.033333
     3    0.042759    0.000000    0.000000       0.033333
     4   -0.042759    0.133308    0.000000       0.066667
     5    0.000000    0.133308    0.000000       0.066667
     6    0.042759    0.133308    0.000000       0.066667
     7   -0.042759    0.266617    0.000000       0.066667
     8    0.000000    0.266617    0.000000       0.066667
     9    0.042759    0.266617    0.000000       0.066667
    10   -0.042759    0.399925    0.000000       0.066667
    11    0.000000    0.399925    0.000000       0.066667
    12    0.042759    0.399925    0.000000       0.066667
    13   -0.042759    0.533234    0.000000       0.066667
    14    0.000000    0.533234    0.000000       0.066667
    15    0.042759    0.533234    0.000000       0.066667
    16   -0.042759    0.666542    0.000000       0.033333
    17    0.000000    0.666542    0.000000       0.033333
    18    0.042759    0.666542    0.000000       0.033333
