     1  1  0.00200000      16
     2  1  0.00200000      16
     3  1  0.00200000      16
     4  1  0.00200000      16
     5  1  0.00200000      16
     6  1  0.00200000      16
     7  1  0.00200000      16
     8  1  0.00200000      16
     9  1  0.00200000      16
    10  1  0.00200000      16
    11  1  0.00200000      16
    12  1  0.00200000      16
    13  1  0.00200000      16
    14  1  0.00200000      16
    15  1  0.00200000      16
    16  1  0.00200000      16
    17  1  0.00200000      16
    18  1  0.00200000      16
    19  1  0.00200000      16
    20  1  0.00200000      16
    21  1  0.00200000      16
    22  1  0.00200000      16
    23  1  0.00200000      16
    24  1  0.00200000      16
    25  1  0.00200000      16
    26  1  0.00200000      16
    27  1  0.00200000      16
    28  1  0.00200000      16
    29  1  0.00200000      16
    30  1  0.00200000      16
    31  1  0.00200000      16
    32  1  0.00200000      16
    33  1  0.00200000      16
    34  1  0.00200000      16
    35  1  0.00200000      16
    36  1  0.00200000      16
    37  1  0.00200000      16
    38  1  0.00200000      16
    39  1  0.00200000      16
    40  1  0.00200000      16
    41  1  0.00200000      16
    42  1  0.00200000      16
    43  1  0.00200000      16
    44  1  0.00200000      16
    45  1  0.00200000      16
    46  1  0.00200000      16
    47  1  0.00200000      16
    48  1  0.00200000      16
    49  1  0.00200000      16
    50  1  0.00200000      16
    51  1  0.00100000      16
    52  1  0.00200000      17
    53  1  0.00200000      17
    54  1  0.00200000      17
    55  1  0.00200000      17
    56  1  0.00200000      17
    57  1  0.00200000      17
    58  1  0.00200000      17
    59  1  0.00200000      17
    60  1  0.00200000      17
    61  1  0.00200000      17
    62  1  0.00200000      16
    63  1  0.00200000      16
    64  1  0.00200000      16
    65  1  0.00200000      16
    66  1  0.00200000      16
    67  1  0.00200000      16
    68  1  0.00200000      16
    69  1  0.00200000      16
    70  1  0.00200000      16
    71  1  0.00200000      16
    72  1  0.00200000      16
    73  1  0.00200000      16
    74  1  0.00200000      16
    75  1  0.00200000      16
    76  1  0.00200000      16
    77  1  0.00200000      16
    78  1  0.00200000      16
    79  1  0.00200000      16
    80  1  0.00200000      16
    81  1  0.00200000      16
    82  1  0.00200000      16
    83  1  0.00200000      16
    84  1  0.00200000      16
    85  1  0.00200000      16
    86  1  0.00200000      16
    87  1  0.00200000      16
    88  1  0.00200000      16
    89  1  0.00200000      16
    90  1  0.00200000      16
    91  1  0.00200000      16
    92  1  0.00200000      16
    93  1  0.00200000      16
    94  1  0.00200000      16
    95  1  0.00200000      16
    96  1  0.00200000      16
    97  1  0.00200000      16
    98  1  0.00200000      16
    99  1  0.00200000      16
   100  1  0.00200000      16
   101  1  0.00200000      16
   102  1  0.00100000      16
   103  1  0.00200000      16
   104  1  0.00200000      16
   105  1  0.00200000      16
   106  1  0.00200000      16
   107  1  0.00200000      16
   108  1  0.00200000      16
   109  1  0.00200000      16
   110  1  0.00200000      16
   111  1  0.00200000      16
   112  1  0.00200000      16
   113  1  0.00200000      16
   114  1  0.00200000      16
   115  1  0.00200000      16
   116  1  0.00200000      16
   117  1  0.00200000      16
   118  1  0.00200000      16
   119  1  0.00200000      16
   120  1  0.00200000      16
   121  1  0.00200000      16
   122  1  0.00200000      16
   123  1  0.00200000      16
   124  1  0.00200000      16
   125  1  0.00200000      16
   126  1  0.00200000      16
   127  1  0.00200000      16
   128  1  0.00200000      16
   129  1  0.00200000      16
   130  1  0.00200000      16
   131  1  0.00200000      16
   132  1  0.00200000      16
   133  1  0.00200000      16
   134  1  0.00200000      16
   135  1  0.00200000      16
   136  1  0.00200000      16
   137  1  0.00200000      16
   138  1  0.00200000      16
   139  1  0.00200000      16
   140  1  0.00200000      16
   141  1  0.00200000      16
   142  1  0.00200000      16
   143  1  0.00200000      16
   144  1  0.00200000      16
   145  1  0.00200000      16
   146  1  0.00200000      16
   147  1  0.00200000      16
   148  1  0.00200000      16
   149  1  0.00200000      16
   150  1  0.00200000      16
   151  1  0.00200000      16
   152  1  0.00200000      16
   153  1  0.00100000      16
   154  1  0.00200000      16
   155  1  0.00200000      16
   156  1  0.00200000      16
   157  1  0.00200000      16
   158  1  0.00200000      16
   159  1  0.00200000      16
   160  1  0.00200000      16
   161  1  0.00200000      16
   162  1  0.00200000      16
   163  1  0.00200000      16
   164  1  0.00200000      16
   165  1  0.00200000      16
   166  1  0.00200000      16
   167  1  0.00200000      16
   168  1  0.00200000      16
   169  1  0.00200000      16
   170  1  0.00200000      16
   171  1  0.00200000      16
   172  1  0.00200000      16
   173  1  0.00200000      16
   174  1  0.00200000      16
   175  1  0.00200000      16
   176  1  0.00200000      16
   177  1  0.00200000      16
   178  1  0.00200000      16
   179  1  0.00200000      16
   180  1  0.00200000      16
   181  1  0.00200000      16
   182  1  0.00200000      16
   183  1  0.00200000      16
   184  1  0.00200000      16
   185  1  0.00200000      16
   186  1  0.00200000      16
   187  1  0.00200000      16
   188  1  0.00200000      16
   189  1  0.00200000      16
   190  1  0.00200000      16
   191  1  0.00200000      16
   192  1  0.00200000      16
   193  1  0.00200000      16
   194  1  0.00200000      16
   195  1  0.00200000      16
   196  1  0.00200000      16
   197  1  0.00200000      16
   198  1  0.00200000      16
   199  1  0.00200000      16
   200  1  0.00200000      16
   201  1  0.00200000      16
   202  1  0.00200000      16
   203  1  0.00200000      16
   204  1  0.00100000      16
   205  1  0.00100000      16
   206  1  0.00200000      16
   207  1  0.00200000      16
   208  1  0.00200000      16
   209  1  0.00200000      16
   210  1  0.00200000      16
   211  1  0.00200000      16
   212  1  0.00200000      16
   213  1  0.00200000      16
   214  1  0.00200000      16
   215  1  0.00200000      16
   216  1  0.00200000      16
   217  1  0.00200000      16
   218  1  0.00200000      16
   219  1  0.00200000      16
   220  1  0.00200000      16
   221  1  0.00200000      16
   222  1  0.00200000      16
   223  1  0.00200000      16
   224  1  0.00200000      16
   225  1  0.00200000      16
   226  1  0.00200000      16
   227  1  0.00200000      16
   228  1  0.00200000      16
   229  1  0.00200000      16
   230  1  0.00200000      16
   231  1  0.00200000      16
   232  1  0.00200000      16
   233  1  0.00200000      16
   234  1  0.00200000      16
   235  1  0.00200000      16
   236  1  0.00200000      16
   237  1  0.00200000      16
   238  1  0.00200000      16
   239  1  0.00200000      16
   240  1  0.00200000      16
   241  1  0.00200000      16
   242  1  0.00200000      16
   243  1  0.00200000      16
   244  1  0.00200000      16
   245  1  0.00200000      16
   246  1  0.00200000      16
   247  1  0.00200000      16
   248  1  0.00200000      16
   249  1  0.00200000      16
   250  1  0.00200000      16
   251  1  0.00200000      16
   252  1  0.00200000      16
   253  1  0.00200000      16
   254  1  0.00200000      16
   255  1  0.00100000      16
   256  1  0.00200000      16
   257  1  0.00200000      16
   258  1  0.00200000      16
   259  1  0.00200000      16
   260  1  0.00200000      16
   261  1  0.00200000      16
   262  1  0.00200000      16
   263  1  0.00200000      16
   264  1  0.00200000      16
   265  1  0.00200000      16
   266  1  0.00200000      16
   267  1  0.00200000      16
   268  1  0.00200000      16
   269  1  0.00200000      16
   270  1  0.00200000      16
   271  1  0.00200000      16
   272  1  0.00200000      16
   273  1  0.00200000      16
   274  1  0.00200000      16
   275  1  0.00200000      16
   276  1  0.00200000      16
   277  1  0.00200000      16
   278  1  0.00200000      16
   279  1  0.00200000      16
   280  1  0.00200000      16
   281  1  0.00200000      16
   282  1  0.00200000      16
   283  1  0.00200000      16
   284  1  0.00200000      16
   285  1  0.00200000      16
   286  1  0.00200000      16
   287  1  0.00200000      16
   288  1  0.00200000      16
   289  1  0.00200000      16
   290  1  0.00200000      16
   291  1  0.00200000      16
   292  1  0.00200000      16
   293  1  0.00200000      16
   294  1  0.00200000      16
   295  1  0.00200000      16
   296  1  0.00200000      16
   297  1  0.00200000      16
   298  1  0.00200000      16
   299  1  0.00200000      16
   300  1  0.00200000      16
   301  1  0.00200000      16
   302  1  0.00200000      16
   303  1  0.00200000      16
   304  1  0.00200000      16
   305  1  0.00100000      16
   306  1  0.00200000      16
   307  1  0.00200000      16
   308  1  0.00200000      16
   309  1  0.00200000      16
   310  1  0.00200000      16
   311  1  0.00200000      16
   312  1  0.00200000      16
   313  1  0.00200000      16
   314  1  0.00200000      16
   315  1  0.00200000      16
   316  1  0.00200000      16
   317  1  0.00200000      16
   318  1  0.00200000      16
   319  1  0.00200000      16
   320  1  0.00200000      16
   321  1  0.00200000      16
   322  1  0.00200000      16
   323  1  0.00200000      16
   324  1  0.00200000      16
   325  1  0.00200000      16
   326  1  0.00200000      16
   327  1  0.00200000      16
   328  1  0.00200000      16
   329  1  0.00200000      16
   330  1  0.00200000      16
   331  1  0.00200000      16
   332  1  0.00200000      16
   333  1  0.00200000      16
   334  1  0.00200000      16
   335  1  0.00200000      16
   336  1  0.00200000      16
   337  1  0.00200000      16
   338  1  0.00200000      16
   339  1  0.00200000      16
   340  1  0.00200000      16
   341  1  0.00200000      16
   342  1  0.00200000      16
   343  1  0.00200000      16
   344  1  0.00200000      16
   345  1  0.00200000      16
   346  1  0.00200000      16
   347  1  0.00200000      16
   348  1  0.00200000      16
   349  1  0.00200000      16
   350  1  0.00200000      16
   351  1  0.00200000      16
   352  1  0.00200000      16
   353  1  0.00200000      16
   354  1  0.00200000      16
   355  1  0.00100000      16
   356  1  0.00200000      17
   357  1  0.00200000      17
   358  1  0.00200000      17
   359  1  0.00200000      17
   360  1  0.00200000      17
   361  1  0.00200000      17
   362  1  0.00200000      17
   363  1  0.00200000      17
   364  1  0.00200000      17
   365  1  0.00200000      16
   366  1  0.00200000      16
   367  1  0.00200000      16
   368  1  0.00200000      16
   369  1  0.00200000      16
   370  1  0.00200000      16
   371  1  0.00200000      16
   372  1  0.00200000      16
   373  1  0.00200000      16
   374  1  0.00200000      16
   375  1  0.00200000      16
   376  1  0.00200000      16
   377  1  0.00200000      16
   378  1  0.00200000      16
   379  1  0.00200000      16
   380  1  0.00200000      16
   381  1  0.00200000      16
   382  1  0.00200000      16
   383  1  0.00200000      16
   384  1  0.00200000      16
   385  1  0.00200000      16
   386  1  0.00200000      16
   387  1  0.00200000      16
   388  1  0.00200000      16
   389  1  0.00200000      16
   390  1  0.00200000      16
   391  1  0.00200000      16
   392  1  0.00200000      16
   393  1  0.00200000      16
   394  1  0.00200000      16
   395  1  0.00200000      16
   396  1  0.00200000      16
   397  1  0.00200000      16
   398  1  0.00200000      16
   399  1  0.00200000      16
   400  1  0.00200000      16
   401  1  0.00200000      16
   402  1  0.00200000      16
   403  1  0.00200000      16
   404  1  0.00200000      16
   405  1  0.00100000      16
   406  1  0.00200000      16
   407  1  0.00200000      16
   408  1  0.00200000      16
   409  1  0.00200000      16
   410  1  0.00200000      16
   411  1  0.00200000      16
   412  1  0.00200000      16
   413  1  0.00200000      16
   414  1  0.00200000      16
   415  1  0.00200000      16
   416  1  0.00200000      16
   417  1  0.00200000      16
   418  1  0.00200000      16
   419  1  0.00200000      16
   420  1  0.00200000      16
   421  1  0.00200000      16
   422  1  0.00200000      16
   423  1  0.00200000      16
   424  1  0.00200000      16
   425  1  0.00200000      16
   426  1  0.00200000      16
   427  1  0.00200000      16
   428  1  0.00200000      16
   429  1  0.00200000      16
   430  1  0.00200000      16
   431  1  0.00200000      16
   432  1  0.00200000      16
   433  1  0.00200000      16
   434  1  0.00200000      16
   435  1  0.00200000      16
   436  1  0.00200000      16
   437  1  0.00200000      16
   438  1  0.00200000      16
   439  1  0.00200000      16
   440  1  0.00200000      16
   441  1  0.00200000      16
   442  1  0.00200000      16
   443  1  0.00200000      16
   444  1  0.00200000      16
   445  1  0.00200000      16
   446  1  0.00200000      16
   447  1  0.00200000      16
   448  1  0.00200000      16
   449  1  0.00200000      16
   450  1  0.00200000      16
   451  1  0.00200000      16
   452  1  0.00200000      16
   453  1  0.00200000      16
   454  1  0.00200000      16
   455  1  0.00100000      16
   456  1  0.00100000      16
   457  1  0.00200000      16
   458  1  0.00200000      16
   459  1  0.00200000      16
   460  1  0.00200000      16
   461  1  0.00200000      16
   462  1  0.00200000      16
   463  1  0.00200000      16
   464  1  0.00200000      16
   465  1  0.00200000      16
   466  1  0.00200000      16
   467  1  0.00200000      16
   468  1  0.00200000      16
   469  1  0.00200000      16
   470  1  0.00200000      16
   471  1  0.00200000      16
   472  1  0.00200000      16
   473  1  0.00200000      16
   474  1  0.00200000      16
   475  1  0.00200000      16
   476  1  0.00200000      16
   477  1  0.00200000      16
   478  1  0.00200000      16
   479  1  0.00200000      16
   480  1  0.00200000      16
   481  1  0.00200000      16
   482  1  0.00200000      16
   483  1  0.00200000      16
   484  1  0.00200000      16
   485  1  0.00200000      16
   486  1  0.00200000      16
   487  1  0.00200000      16
   488  1  0.00200000      16
   489  1  0.00200000      16
   490  1  0.00200000      16
   491  1  0.00200000      16
   492  1  0.00200000      16
   493  1  0.00200000      16
   494  1  0.00200000      16
   495  1  0.00200000      16
   496  1  0.00200000      16
   497  1  0.00200000      16
   498  1  0.00200000      16
   499  1  0.00200000      16
   500  1  0.00200000      16
   501  1  0.00200000      16
   502  1  0.00200000      16
   503  1  0.00200000      16
   504  1  0.00200000      16
   505  1  0.00200000      16
   506  1  0.00100000      16
