# EIG2DOS: Utility for SIESTA to obtain the electronic density of states
#  E. Artacho, Apr 1999, A. Garcia, Apr 2012
#  Nick R. Papior, Feb 2017
# ------------------------------------------
# Eigenvalues read from graphite_c6.EIG
# Kpoint weights read from graphite_c6.KP
# Using smearing parameter:   0.2000
# Using 1000 points in the energy range
# Selected bands: 1 to: 52
# Emin, Emax in file for selected band(s):    -24.0101985    179.7326860
# Nbands, Nspin, Nk   =     52     1    25
# E_F                 =    -4.9094 eV --> (shifted to ZERO)
# Broadening          =     0.2000 eV
#
#        E            N(up)  (=)   N(down)         Ntot
     -4.000000      0.298099      0.298099      0.596198
     -3.991992      0.310279      0.310279      0.620557
     -3.983984      0.324265      0.324265      0.648530
     -3.975976      0.339919      0.339919      0.679838
     -3.967968      0.357094      0.357094      0.714188
     -3.959960      0.375637      0.375637      0.751274
     -3.951952      0.395389      0.395389      0.790779
     -3.943944      0.416187      0.416187      0.832374
     -3.935936      0.437863      0.437863      0.875726
     -3.927928      0.460246      0.460246      0.920492
     -3.919920      0.483165      0.483165      0.966330
     -3.911912      0.506448      0.506448      1.012895
     -3.903904      0.529923      0.529923      1.059847
     -3.895896      0.553425      0.553425      1.106850
     -3.887888      0.576789      0.576789      1.153578
     -3.879880      0.599859      0.599859      1.199719
     -3.871872      0.622487      0.622487      1.244974
     -3.863864      0.644533      0.644533      1.289066
     -3.855856      0.665870      0.665870      1.331739
     -3.847848      0.686381      0.686381      1.372763
     -3.839840      0.705967      0.705967      1.411934
     -3.831832      0.724540      0.724540      1.449080
     -3.823824      0.742029      0.742029      1.484059
     -3.815816      0.758381      0.758381      1.516762
     -3.807808      0.773557      0.773557      1.547114
     -3.799800      0.787536      0.787536      1.575072
     -3.791792      0.800312      0.800312      1.600624
     -3.783784      0.811895      0.811895      1.623790
     -3.775776      0.822310      0.822310      1.644620
     -3.767768      0.831594      0.831594      1.663188
     -3.759760      0.839795      0.839795      1.679591
     -3.751752      0.846972      0.846972      1.693944
     -3.743744      0.853190      0.853190      1.706380
     -3.735736      0.858520      0.858520      1.717039
     -3.727728      0.863034      0.863034      1.726069
     -3.719720      0.866809      0.866809      1.733617
     -3.711712      0.869915      0.869915      1.739829
     -3.703704      0.872421      0.872421      1.744842
     -3.695696      0.874389      0.874389      1.748779
     -3.687688      0.875874      0.875874      1.751749
     -3.679680      0.876920      0.876920      1.753840
     -3.671672      0.877561      0.877561      1.755121
     -3.663664      0.877817      0.877817      1.755634
     -3.655656      0.877698      0.877698      1.755396
     -3.647648      0.877199      0.877199      1.754398
     -3.639640      0.876304      0.876304      1.752608
     -3.631632      0.874983      0.874983      1.749966
     -3.623624      0.873195      0.873195      1.746389
     -3.615616      0.870888      0.870888      1.741777
     -3.607608      0.868004      0.868004      1.736008
     -3.599600      0.864474      0.864474      1.728948
     -3.591592      0.860227      0.860227      1.720455
     -3.583584      0.855188      0.855188      1.710377
     -3.575576      0.849282      0.849282      1.698564
     -3.567568      0.842434      0.842434      1.684869
     -3.559560      0.834576      0.834576      1.669152
     -3.551552      0.825643      0.825643      1.651286
     -3.543544      0.815580      0.815580      1.631160
     -3.535536      0.804342      0.804342      1.608684
     -3.527528      0.791896      0.791896      1.583791
     -3.519520      0.778220      0.778220      1.556440
     -3.511512      0.763309      0.763309      1.526618
     -3.503504      0.747171      0.747171      1.494342
     -3.495495      0.729830      0.729830      1.459660
     -3.487487      0.711324      0.711324      1.422648
     -3.479479      0.691707      0.691707      1.383414
     -3.471471      0.671047      0.671047      1.342094
     -3.463463      0.649425      0.649425      1.298850
     -3.455455      0.626935      0.626935      1.253869
     -3.447447      0.603680      0.603680      1.207360
     -3.439439      0.579774      0.579774      1.159548
     -3.431431      0.555337      0.555337      1.110675
     -3.423423      0.530496      0.530496      1.060992
     -3.415415      0.505380      0.505380      1.010760
     -3.407407      0.480120      0.480120      0.960241
     -3.399399      0.454849      0.454849      0.909698
     -3.391391      0.429695      0.429695      0.859390
     -3.383383      0.404784      0.404784      0.809568
     -3.375375      0.380238      0.380238      0.760476
     -3.367367      0.356171      0.356171      0.712341
     -3.359359      0.332690      0.332690      0.665379
     -3.351351      0.309893      0.309893      0.619787
     -3.343343      0.287872      0.287872      0.575743
     -3.335335      0.266705      0.266705      0.533410
     -3.327327      0.246464      0.246464      0.492927
     -3.319319      0.227208      0.227208      0.454416
     -3.311311      0.208990      0.208990      0.417979
     -3.303303      0.191850      0.191850      0.383699
     -3.295295      0.175821      0.175821      0.351642
     -3.287287      0.160929      0.160929      0.321857
     -3.279279      0.147190      0.147190      0.294379
     -3.271271      0.134615      0.134615      0.269230
     -3.263263      0.123210      0.123210      0.246420
     -3.255255      0.112974      0.112974      0.225949
     -3.247247      0.103906      0.103906      0.207812
     -3.239239      0.095998      0.095998      0.191995
     -3.231231      0.089242      0.089242      0.178484
     -3.223223      0.083630      0.083630      0.167261
     -3.215215      0.079153      0.079153      0.158307
     -3.207207      0.075802      0.075802      0.151604
     -3.199199      0.073570      0.073570      0.147139
     -3.191191      0.072449      0.072449      0.144899
     -3.183183      0.072438      0.072438      0.144876
     -3.175175      0.073533      0.073533      0.147066
     -3.167167      0.075735      0.075735      0.151471
     -3.159159      0.079048      0.079048      0.158096
     -3.151151      0.083476      0.083476      0.166953
     -3.143143      0.089027      0.089027      0.178055
     -3.135135      0.095710      0.095710      0.191420
     -3.127127      0.103534      0.103534      0.207068
     -3.119119      0.112510      0.112510      0.225021
     -3.111111      0.122650      0.122650      0.245300
     -3.103103      0.133964      0.133964      0.267927
     -3.095095      0.146460      0.146460      0.292919
     -3.087087      0.160145      0.160145      0.320290
     -3.079079      0.175024      0.175024      0.350048
     -3.071071      0.191096      0.191096      0.382193
     -3.063063      0.208358      0.208358      0.416716
     -3.055055      0.226800      0.226800      0.453599
     -3.047047      0.246405      0.246405      0.492810
     -3.039039      0.267152      0.267152      0.534305
     -3.031031      0.289012      0.289012      0.578023
     -3.023023      0.311945      0.311945      0.623890
     -3.015015      0.335907      0.335907      0.671814
     -3.007007      0.360842      0.360842      0.721684
     -2.998999      0.386686      0.386686      0.773372
     -2.990991      0.413366      0.413366      0.826732
     -2.982983      0.440799      0.440799      0.881598
     -2.974975      0.468894      0.468894      0.937787
     -2.966967      0.497549      0.497549      0.995097
     -2.958959      0.526654      0.526654      1.053308
     -2.950951      0.556092      0.556092      1.112184
     -2.942943      0.585736      0.585736      1.171472
     -2.934935      0.615453      0.615453      1.230906
     -2.926927      0.645104      0.645104      1.290208
     -2.918919      0.674543      0.674543      1.349087
     -2.910911      0.703621      0.703621      1.407242
     -2.902903      0.732184      0.732184      1.464368
     -2.894895      0.760076      0.760076      1.520152
     -2.886887      0.787140      0.787140      1.574281
     -2.878879      0.813220      0.813220      1.626440
     -2.870871      0.838159      0.838159      1.676319
     -2.862863      0.861805      0.861805      1.723610
     -2.854855      0.884009      0.884009      1.768017
     -2.846847      0.904626      0.904626      1.809252
     -2.838839      0.923521      0.923521      1.847041
     -2.830831      0.940564      0.940564      1.881128
     -2.822823      0.955637      0.955637      1.911275
     -2.814815      0.968632      0.968632      1.937264
     -2.806807      0.979452      0.979452      1.958903
     -2.798799      0.988014      0.988014      1.976027
     -2.790791      0.994248      0.994248      1.988496
     -2.782783      0.998102      0.998102      1.996204
     -2.774775      0.999536      0.999536      1.999073
     -2.766767      0.998530      0.998530      1.997060
     -2.758759      0.995078      0.995078      1.990155
     -2.750751      0.989192      0.989192      1.978384
     -2.742743      0.980903      0.980903      1.961805
     -2.734735      0.970256      0.970256      1.940512
     -2.726727      0.957316      0.957316      1.914633
     -2.718719      0.942163      0.942163      1.884327
     -2.710711      0.924893      0.924893      1.849785
     -2.702703      0.905615      0.905615      1.811230
     -2.694695      0.884454      0.884454      1.768908
     -2.686687      0.861547      0.861547      1.723094
     -2.678679      0.837041      0.837041      1.674082
     -2.670671      0.811094      0.811094      1.622188
     -2.662663      0.783870      0.783870      1.567739
     -2.654655      0.755540      0.755540      1.511079
     -2.646647      0.726279      0.726279      1.452558
     -2.638639      0.696266      0.696266      1.392531
     -2.630631      0.665677      0.665677      1.331354
     -2.622623      0.634691      0.634691      1.269381
     -2.614615      0.603480      0.603480      1.206959
     -2.606607      0.572213      0.572213      1.144426
     -2.598599      0.541054      0.541054      1.082108
     -2.590591      0.510156      0.510156      1.020313
     -2.582583      0.479666      0.479666      0.959333
     -2.574575      0.449720      0.449720      0.899439
     -2.566567      0.420440      0.420440      0.840880
     -2.558559      0.391940      0.391940      0.783880
     -2.550551      0.364319      0.364319      0.728638
     -2.542543      0.337664      0.337664      0.675329
     -2.534535      0.312049      0.312049      0.624099
     -2.526527      0.287535      0.287535      0.575070
     -2.518519      0.264169      0.264169      0.528337
     -2.510511      0.241986      0.241986      0.483972
     -2.502503      0.221011      0.221011      0.442021
     -2.494494      0.201254      0.201254      0.402507
     -2.486486      0.182716      0.182716      0.365433
     -2.478478      0.165390      0.165390      0.330781
     -2.470470      0.149258      0.149258      0.298516
     -2.462462      0.134293      0.134293      0.268587
     -2.454454      0.120464      0.120464      0.240929
     -2.446446      0.107732      0.107732      0.215464
     -2.438438      0.096053      0.096053      0.192105
     -2.430430      0.085378      0.085378      0.170757
     -2.422422      0.075659      0.075659      0.151318
     -2.414414      0.066840      0.066840      0.133681
     -2.406406      0.058869      0.058869      0.117737
     -2.398398      0.051688      0.051688      0.103376
     -2.390390      0.045244      0.045244      0.090487
     -2.382382      0.039480      0.039480      0.078961
     -2.374374      0.034345      0.034345      0.068690
     -2.366366      0.029785      0.029785      0.059569
     -2.358358      0.025750      0.025750      0.051499
     -2.350350      0.022192      0.022192      0.044384
     -2.342342      0.019067      0.019067      0.038133
     -2.334334      0.016330      0.016330      0.032660
     -2.326326      0.013943      0.013943      0.027886
     -2.318318      0.011867      0.011867      0.023735
     -2.310310      0.010069      0.010069      0.020139
     -2.302302      0.008517      0.008517      0.017034
     -2.294294      0.007182      0.007182      0.014363
     -2.286286      0.006037      0.006037      0.012074
     -2.278278      0.005059      0.005059      0.010118
     -2.270270      0.004226      0.004226      0.008453
     -2.262262      0.003520      0.003520      0.007040
     -2.254254      0.002923      0.002923      0.005847
     -2.246246      0.002421      0.002421      0.004842
     -2.238238      0.002000      0.002000      0.004000
     -2.230230      0.001648      0.001648      0.003297
     -2.222222      0.001356      0.001356      0.002713
     -2.214214      0.001115      0.001115      0.002230
     -2.206206      0.000917      0.000917      0.001834
     -2.198198      0.000756      0.000756      0.001512
     -2.190190      0.000627      0.000627      0.001254
     -2.182182      0.000525      0.000525      0.001050
     -2.174174      0.000447      0.000447      0.000893
     -2.166166      0.000389      0.000389      0.000779
     -2.158158      0.000351      0.000351      0.000702
     -2.150150      0.000330      0.000330      0.000660
     -2.142142      0.000325      0.000325      0.000651
     -2.134134      0.000337      0.000337      0.000674
     -2.126126      0.000366      0.000366      0.000732
     -2.118118      0.000413      0.000413      0.000825
     -2.110110      0.000479      0.000479      0.000958
     -2.102102      0.000567      0.000567      0.001134
     -2.094094      0.000680      0.000680      0.001361
     -2.086086      0.000823      0.000823      0.001645
     -2.078078      0.000999      0.000999      0.001997
     -2.070070      0.001214      0.001214      0.002427
     -2.062062      0.001475      0.001475      0.002950
     -2.054054      0.001790      0.001790      0.003580
     -2.046046      0.002168      0.002168      0.004336
     -2.038038      0.002619      0.002619      0.005238
     -2.030030      0.003156      0.003156      0.006311
     -2.022022      0.003791      0.003791      0.007582
     -2.014014      0.004541      0.004541      0.009081
     -2.006006      0.005422      0.005422      0.010843
     -1.997998      0.006453      0.006453      0.012907
     -1.989990      0.007657      0.007657      0.015315
     -1.981982      0.009057      0.009057      0.018114
     -1.973974      0.010679      0.010679      0.021358
     -1.965966      0.012551      0.012551      0.025101
     -1.957958      0.014703      0.014703      0.029407
     -1.949950      0.017170      0.017170      0.034340
     -1.941942      0.019987      0.019987      0.039973
     -1.933934      0.023191      0.023191      0.046382
     -1.925926      0.026823      0.026823      0.053646
     -1.917918      0.030924      0.030924      0.061848
     -1.909910      0.035538      0.035538      0.071077
     -1.901902      0.040710      0.040710      0.081421
     -1.893894      0.046486      0.046486      0.092972
     -1.885886      0.052911      0.052911      0.105821
     -1.877878      0.060031      0.060031      0.120062
     -1.869870      0.067891      0.067891      0.135782
     -1.861862      0.076535      0.076535      0.153069
     -1.853854      0.086002      0.086002      0.172005
     -1.845846      0.096332      0.096332      0.192664
     -1.837838      0.107557      0.107557      0.215114
     -1.829830      0.119706      0.119706      0.239411
     -1.821822      0.132800      0.132800      0.265600
     -1.813814      0.146855      0.146855      0.293710
     -1.805806      0.161878      0.161878      0.323755
     -1.797798      0.177866      0.177866      0.355732
     -1.789790      0.194808      0.194808      0.389616
     -1.781782      0.212680      0.212680      0.425361
     -1.773774      0.231449      0.231449      0.462899
     -1.765766      0.251068      0.251068      0.502137
     -1.757758      0.271479      0.271479      0.542958
     -1.749750      0.292609      0.292609      0.585218
     -1.741742      0.314375      0.314375      0.628749
     -1.733734      0.336678      0.336678      0.673356
     -1.725726      0.359410      0.359410      0.718821
     -1.717718      0.382450      0.382450      0.764899
     -1.709710      0.405664      0.405664      0.811327
     -1.701702      0.428910      0.428910      0.857821
     -1.693694      0.452039      0.452039      0.904077
     -1.685686      0.474890      0.474890      0.949781
     -1.677678      0.497303      0.497303      0.994605
     -1.669670      0.519108      0.519108      1.038215
     -1.661662      0.540138      0.540138      1.080275
     -1.653654      0.560224      0.560224      1.120449
     -1.645646      0.579203      0.579203      1.158407
     -1.637638      0.596915      0.596915      1.193830
     -1.629630      0.613207      0.613207      1.226414
     -1.621622      0.627937      0.627937      1.255874
     -1.613614      0.640976      0.640976      1.281952
     -1.605606      0.652207      0.652207      1.304413
     -1.597598      0.661530      0.661530      1.323059
     -1.589590      0.668862      0.668862      1.337725
     -1.581582      0.674142      0.674142      1.348283
     -1.573574      0.677324      0.677324      1.354648
     -1.565566      0.678388      0.678388      1.356777
     -1.557558      0.677334      0.677334      1.354668
     -1.549550      0.674183      0.674183      1.348366
     -1.541542      0.668979      0.668979      1.337959
     -1.533534      0.661788      0.661788      1.323576
     -1.525526      0.652696      0.652696      1.305391
     -1.517518      0.641808      0.641808      1.283616
     -1.509510      0.629249      0.629249      1.258498
     -1.501502      0.615160      0.615160      1.230320
     -1.493493      0.599698      0.599698      1.199397
     -1.485485      0.583033      0.583033      1.166067
     -1.477477      0.565346      0.565346      1.130692
     -1.469469      0.546827      0.546827      1.093654
     -1.461461      0.527673      0.527673      1.055346
     -1.453453      0.508086      0.508086      1.016172
     -1.445445      0.488269      0.488269      0.976539
     -1.437437      0.468428      0.468428      0.936855
     -1.429429      0.448763      0.448763      0.897526
     -1.421421      0.429474      0.429474      0.858947
     -1.413413      0.410752      0.410752      0.821503
     -1.405405      0.392782      0.392782      0.785564
     -1.397397      0.375739      0.375739      0.751479
     -1.389389      0.359789      0.359789      0.719578
     -1.381381      0.345084      0.345084      0.690167
     -1.373373      0.331762      0.331762      0.663524
     -1.365365      0.319950      0.319950      0.639900
     -1.357357      0.309757      0.309757      0.619514
     -1.349349      0.301278      0.301278      0.602555
     -1.341341      0.294590      0.294590      0.589180
     -1.333333      0.289756      0.289756      0.579511
     -1.325325      0.286819      0.286819      0.573637
     -1.317317      0.285805      0.285805      0.571611
     -1.309309      0.286725      0.286725      0.573451
     -1.301301      0.289570      0.289570      0.579140
     -1.293293      0.294314      0.294314      0.588627
     -1.285285      0.300913      0.300913      0.601826
     -1.277277      0.309307      0.309307      0.618615
     -1.269269      0.319420      0.319420      0.638839
     -1.261261      0.331156      0.331156      0.662312
     -1.253253      0.344408      0.344408      0.688815
     -1.245245      0.359049      0.359049      0.718099
     -1.237237      0.374943      0.374943      0.749886
     -1.229229      0.391936      0.391936      0.783873
     -1.221221      0.409865      0.409865      0.819731
     -1.213213      0.428555      0.428555      0.857110
     -1.205205      0.447821      0.447821      0.895643
     -1.197197      0.467473      0.467473      0.934945
     -1.189189      0.487310      0.487310      0.974621
     -1.181181      0.507133      0.507133      1.014265
     -1.173173      0.526736      0.526736      1.053471
     -1.165165      0.545915      0.545915      1.091830
     -1.157157      0.564470      0.564470      1.128939
     -1.149149      0.582201      0.582201      1.164403
     -1.141141      0.598920      0.598920      1.197840
     -1.133133      0.614444      0.614444      1.228888
     -1.125125      0.628602      0.628602      1.257205
     -1.117117      0.641239      0.641239      1.282477
     -1.109109      0.652210      0.652210      1.304421
     -1.101101      0.661392      0.661392      1.322784
     -1.093093      0.668677      0.668677      1.337354
     -1.085085      0.673979      0.673979      1.347957
     -1.077077      0.677230      0.677230      1.354459
     -1.069069      0.678386      0.678386      1.356772
     -1.061061      0.677424      0.677424      1.354849
     -1.053053      0.674344      0.674344      1.348687
     -1.045045      0.669165      0.669165      1.338330
     -1.037037      0.661930      0.661930      1.323860
     -1.029029      0.652701      0.652701      1.305403
     -1.021021      0.641561      0.641561      1.283121
     -1.013013      0.628607      0.628607      1.257213
     -1.005005      0.613955      0.613955      1.227910
     -0.996997      0.597735      0.597735      1.195470
     -0.988989      0.580089      0.580089      1.160178
     -0.980981      0.561168      0.561168      1.122335
     -0.972973      0.541130      0.541130      1.082261
     -0.964965      0.520142      0.520142      1.040285
     -0.956957      0.498371      0.498371      0.996741
     -0.948949      0.475984      0.475984      0.951968
     -0.940941      0.453150      0.453150      0.906299
     -0.932933      0.430031      0.430031      0.860062
     -0.924925      0.406787      0.406787      0.813573
     -0.916917      0.383568      0.383568      0.767135
     -0.908909      0.360517      0.360517      0.721033
     -0.900901      0.337767      0.337767      0.675534
     -0.892893      0.315440      0.315440      0.630880
     -0.884885      0.293646      0.293646      0.587292
     -0.876877      0.272483      0.272483      0.544967
     -0.868869      0.252036      0.252036      0.504073
     -0.860861      0.232377      0.232377      0.464755
     -0.852853      0.213566      0.213566      0.427133
     -0.844845      0.195650      0.195650      0.391299
     -0.836837      0.178662      0.178662      0.357324
     -0.828829      0.162628      0.162628      0.325255
     -0.820821      0.147558      0.147558      0.295116
     -0.812813      0.133456      0.133456      0.266913
     -0.804805      0.120316      0.120316      0.240632
     -0.796797      0.108122      0.108122      0.216245
     -0.788789      0.096853      0.096853      0.193707
     -0.780781      0.086481      0.086481      0.172962
     -0.772773      0.076972      0.076972      0.153945
     -0.764765      0.068290      0.068290      0.136580
     -0.756757      0.060393      0.060393      0.120786
     -0.748749      0.053238      0.053238      0.106476
     -0.740741      0.046781      0.046781      0.093561
     -0.732733      0.040975      0.040975      0.081950
     -0.724725      0.035775      0.035775      0.071550
     -0.716717      0.031135      0.031135      0.062269
     -0.708709      0.027010      0.027010      0.054019
     -0.700701      0.023356      0.023356      0.046712
     -0.692693      0.020132      0.020132      0.040264
     -0.684685      0.017298      0.017298      0.034595
     -0.676677      0.014815      0.014815      0.029629
     -0.668669      0.012647      0.012647      0.025295
     -0.660661      0.010763      0.010763      0.021525
     -0.652653      0.009129      0.009129      0.018259
     -0.644645      0.007719      0.007719      0.015439
     -0.636637      0.006506      0.006506      0.013012
     -0.628629      0.005466      0.005466      0.010932
     -0.620621      0.004577      0.004577      0.009155
     -0.612613      0.003821      0.003821      0.007642
     -0.604605      0.003180      0.003180      0.006359
     -0.596597      0.002637      0.002637      0.005274
     -0.588589      0.002180      0.002180      0.004361
     -0.580581      0.001797      0.001797      0.003594
     -0.572573      0.001476      0.001476      0.002952
     -0.564565      0.001209      0.001209      0.002417
     -0.556557      0.000987      0.000987      0.001973
     -0.548549      0.000803      0.000803      0.001605
     -0.540541      0.000651      0.000651      0.001302
     -0.532533      0.000526      0.000526      0.001053
     -0.524525      0.000424      0.000424      0.000848
     -0.516517      0.000341      0.000341      0.000681
     -0.508509      0.000273      0.000273      0.000546
     -0.500501      0.000218      0.000218      0.000435
     -0.492492      0.000173      0.000173      0.000346
     -0.484484      0.000137      0.000137      0.000275
     -0.476476      0.000109      0.000109      0.000217
     -0.468468      0.000086      0.000086      0.000171
     -0.460460      0.000067      0.000067      0.000134
     -0.452452      0.000053      0.000053      0.000105
     -0.444444      0.000041      0.000041      0.000082
     -0.436436      0.000032      0.000032      0.000064
     -0.428428      0.000025      0.000025      0.000050
     -0.420420      0.000019      0.000019      0.000038
     -0.412412      0.000015      0.000015      0.000029
     -0.404404      0.000011      0.000011      0.000023
     -0.396396      0.000009      0.000009      0.000017
     -0.388388      0.000007      0.000007      0.000013
     -0.380380      0.000005      0.000005      0.000010
     -0.372372      0.000004      0.000004      0.000008
     -0.364364      0.000003      0.000003      0.000006
     -0.356356      0.000002      0.000002      0.000004
     -0.348348      0.000002      0.000002      0.000003
     -0.340340      0.000001      0.000001      0.000002
     -0.332332      0.000001      0.000001      0.000002
     -0.324324      0.000001      0.000001      0.000001
     -0.316316      0.000001      0.000001      0.000001
     -0.308308      0.000000      0.000000      0.000001
     -0.300300      0.000000      0.000000      0.000001
     -0.292292      0.000000      0.000000      0.000000
     -0.284284      0.000000      0.000000      0.000000
     -0.276276      0.000000      0.000000      0.000000
     -0.268268      0.000000      0.000000      0.000000
     -0.260260      0.000000      0.000000      0.000000
     -0.252252      0.000000      0.000000      0.000000
     -0.244244      0.000000      0.000000      0.000000
     -0.236236      0.000000      0.000000      0.000000
     -0.228228      0.000000      0.000000      0.000000
     -0.220220      0.000000      0.000000      0.000000
     -0.212212      0.000000      0.000000      0.000000
     -0.204204      0.000000      0.000000      0.000000
     -0.196196      0.000000      0.000000      0.000000
     -0.188188      0.000000      0.000000      0.000000
     -0.180180      0.000000      0.000000      0.000000
     -0.172172      0.000000      0.000000      0.000000
     -0.164164      0.000000      0.000000      0.000000
     -0.156156      0.000000      0.000000      0.000000
     -0.148148      0.000000      0.000000      0.000000
     -0.140140      0.000000      0.000000      0.000000
     -0.132132      0.000000      0.000000      0.000000
     -0.124124      0.000000      0.000000      0.000000
     -0.116116      0.000000      0.000000      0.000000
     -0.108108      0.000000      0.000000      0.000000
     -0.100100      0.000000      0.000000      0.000000
     -0.092092      0.000000      0.000000      0.000000
     -0.084084      0.000000      0.000000      0.000000
     -0.076076      0.000000      0.000000      0.000000
     -0.068068      0.000000      0.000000      0.000000
     -0.060060      0.000000      0.000000      0.000000
     -0.052052      0.000000      0.000000      0.000000
     -0.044044      0.000000      0.000000      0.000000
     -0.036036      0.000000      0.000000      0.000000
     -0.028028      0.000000      0.000000      0.000000
     -0.020020      0.000000      0.000000      0.000000
     -0.012012      0.000000      0.000000      0.000000
     -0.004004      0.000000      0.000000      0.000000
      0.004004      0.000000      0.000000      0.000000
      0.012012      0.000000      0.000000      0.000000
      0.020020      0.000000      0.000000      0.000000
      0.028028      0.000000      0.000000      0.000000
      0.036036      0.000000      0.000000      0.000000
      0.044044      0.000000      0.000000      0.000000
      0.052052      0.000000      0.000000      0.000000
      0.060060      0.000000      0.000000      0.000000
      0.068068      0.000000      0.000000      0.000000
      0.076076      0.000000      0.000000      0.000000
      0.084084      0.000000      0.000000      0.000000
      0.092092      0.000000      0.000000      0.000000
      0.100100      0.000000      0.000000      0.000000
      0.108108      0.000000      0.000000      0.000000
      0.116116      0.000000      0.000000      0.000000
      0.124124      0.000000      0.000000      0.000000
      0.132132      0.000000      0.000000      0.000000
      0.140140      0.000000      0.000000      0.000000
      0.148148      0.000000      0.000000      0.000000
      0.156156      0.000000      0.000000      0.000000
      0.164164      0.000000      0.000000      0.000000
      0.172172      0.000000      0.000000      0.000000
      0.180180      0.000000      0.000000      0.000000
      0.188188      0.000000      0.000000      0.000000
      0.196196      0.000000      0.000000      0.000000
      0.204204      0.000000      0.000000      0.000000
      0.212212      0.000000      0.000000      0.000000
      0.220220      0.000000      0.000000      0.000000
      0.228228      0.000000      0.000000      0.000000
      0.236236      0.000000      0.000000      0.000000
      0.244244      0.000000      0.000000      0.000000
      0.252252      0.000000      0.000000      0.000000
      0.260260      0.000000      0.000000      0.000000
      0.268268      0.000000      0.000000      0.000000
      0.276276      0.000000      0.000000      0.000000
      0.284284      0.000000      0.000000      0.000000
      0.292292      0.000000      0.000000      0.000000
      0.300300      0.000000      0.000000      0.000000
      0.308308      0.000000      0.000000      0.000000
      0.316316      0.000000      0.000000      0.000000
      0.324324      0.000000      0.000000      0.000000
      0.332332      0.000000      0.000000      0.000000
      0.340340      0.000000      0.000000      0.000000
      0.348348      0.000000      0.000000      0.000000
      0.356356      0.000000      0.000000      0.000000
      0.364364      0.000000      0.000000      0.000000
      0.372372      0.000000      0.000000      0.000000
      0.380380      0.000000      0.000000      0.000000
      0.388388      0.000000      0.000000      0.000000
      0.396396      0.000000      0.000000      0.000000
      0.404404      0.000000      0.000000      0.000000
      0.412412      0.000000      0.000000      0.000000
      0.420420      0.000000      0.000000      0.000000
      0.428428      0.000000      0.000000      0.000000
      0.436436      0.000000      0.000000      0.000000
      0.444444      0.000000      0.000000      0.000000
      0.452452      0.000000      0.000000      0.000000
      0.460460      0.000000      0.000000      0.000000
      0.468468      0.000000      0.000000      0.000000
      0.476476      0.000000      0.000000      0.000000
      0.484484      0.000000      0.000000      0.000000
      0.492492      0.000000      0.000000      0.000000
      0.500501      0.000000      0.000000      0.000000
      0.508509      0.000000      0.000000      0.000000
      0.516517      0.000000      0.000000      0.000000
      0.524525      0.000000      0.000000      0.000000
      0.532533      0.000000      0.000000      0.000000
      0.540541      0.000000      0.000000      0.000000
      0.548549      0.000000      0.000000      0.000000
      0.556557      0.000000      0.000000      0.000000
      0.564565      0.000000      0.000000      0.000000
      0.572573      0.000000      0.000000      0.000000
      0.580581      0.000000      0.000000      0.000000
      0.588589      0.000000      0.000000      0.000000
      0.596597      0.000000      0.000000      0.000000
      0.604605      0.000000      0.000000      0.000000
      0.612613      0.000000      0.000000      0.000000
      0.620621      0.000000      0.000000      0.000000
      0.628629      0.000000      0.000000      0.000000
      0.636637      0.000000      0.000000      0.000000
      0.644645      0.000000      0.000000      0.000000
      0.652653      0.000000      0.000000      0.000000
      0.660661      0.000000      0.000000      0.000000
      0.668669      0.000000      0.000000      0.000000
      0.676677      0.000000      0.000000      0.000000
      0.684685      0.000000      0.000000      0.000000
      0.692693      0.000000      0.000000      0.000000
      0.700701      0.000000      0.000000      0.000000
      0.708709      0.000000      0.000000      0.000000
      0.716717      0.000000      0.000000      0.000000
      0.724725      0.000000      0.000000      0.000000
      0.732733      0.000000      0.000000      0.000000
      0.740741      0.000000      0.000000      0.000000
      0.748749      0.000000      0.000000      0.000000
      0.756757      0.000000      0.000000      0.000000
      0.764765      0.000000      0.000000      0.000001
      0.772773      0.000000      0.000000      0.000001
      0.780781      0.000001      0.000001      0.000001
      0.788789      0.000001      0.000001      0.000002
      0.796797      0.000001      0.000001      0.000002
      0.804805      0.000001      0.000001      0.000003
      0.812813      0.000002      0.000002      0.000004
      0.820821      0.000002      0.000002      0.000005
      0.828829      0.000003      0.000003      0.000007
      0.836837      0.000004      0.000004      0.000009
      0.844845      0.000006      0.000006      0.000011
      0.852853      0.000007      0.000007      0.000015
      0.860861      0.000010      0.000010      0.000020
      0.868869      0.000013      0.000013      0.000026
      0.876877      0.000017      0.000017      0.000033
      0.884885      0.000022      0.000022      0.000043
      0.892893      0.000028      0.000028      0.000056
      0.900901      0.000036      0.000036      0.000072
      0.908909      0.000046      0.000046      0.000093
      0.916917      0.000059      0.000059      0.000119
      0.924925      0.000076      0.000076      0.000151
      0.932933      0.000096      0.000096      0.000193
      0.940941      0.000122      0.000122      0.000245
      0.948949      0.000155      0.000155      0.000309
      0.956957      0.000195      0.000195      0.000390
      0.964965      0.000245      0.000245      0.000490
      0.972973      0.000307      0.000307      0.000614
      0.980981      0.000383      0.000383      0.000767
      0.988989      0.000477      0.000477      0.000955
      0.996997      0.000592      0.000592      0.001185
      1.005005      0.000733      0.000733      0.001466
      1.013013      0.000904      0.000904      0.001807
      1.021021      0.001111      0.001111      0.002222
      1.029029      0.001361      0.001361      0.002723
      1.037037      0.001663      0.001663      0.003327
      1.045045      0.002026      0.002026      0.004051
      1.053053      0.002459      0.002459      0.004919
      1.061061      0.002977      0.002977      0.005953
      1.069069      0.003591      0.003591      0.007183
      1.077077      0.004320      0.004320      0.008639
      1.085085      0.005179      0.005179      0.010359
      1.093093      0.006191      0.006191      0.012382
      1.101101      0.007378      0.007378      0.014755
      1.109109      0.008764      0.008764      0.017529
      1.117117      0.010380      0.010380      0.020759
      1.125125      0.012255      0.012255      0.024509
      1.133133      0.014424      0.014424      0.028848
      1.141141      0.016925      0.016925      0.033851
      1.149149      0.019800      0.019800      0.039599
      1.157157      0.023091      0.023091      0.046182
      1.165165      0.026848      0.026848      0.053695
      1.173173      0.031120      0.031120      0.062240
      1.181181      0.035963      0.035963      0.071926
      1.189189      0.041434      0.041434      0.082867
      1.197197      0.047592      0.047592      0.095184
      1.205205      0.054501      0.054501      0.109002
      1.213213      0.062225      0.062225      0.124450
      1.221221      0.070830      0.070830      0.141660
      1.229229      0.080383      0.080383      0.160767
      1.237237      0.090953      0.090953      0.181906
      1.245245      0.102606      0.102606      0.205212
      1.253253      0.115408      0.115408      0.230815
      1.261261      0.129422      0.129422      0.258844
      1.269269      0.144710      0.144710      0.289420
      1.277277      0.161327      0.161327      0.322653
      1.285285      0.179323      0.179323      0.358647
      1.293293      0.198744      0.198744      0.397489
      1.301301      0.219626      0.219626      0.439252
      1.309309      0.241996      0.241996      0.483991
      1.317317      0.265871      0.265871      0.531742
      1.325325      0.291258      0.291258      0.582515
      1.333333      0.318150      0.318150      0.636300
      1.341341      0.346528      0.346528      0.693057
      1.349349      0.376359      0.376359      0.752718
      1.357357      0.407593      0.407593      0.815186
      1.365365      0.440166      0.440166      0.880332
      1.373373      0.473998      0.473998      0.947995
      1.381381      0.508991      0.508991      1.017982
      1.389389      0.545033      0.545033      1.090067
      1.397397      0.581994      0.581994      1.163989
      1.405405      0.619730      0.619730      1.239459
      1.413413      0.658078      0.658078      1.316156
      1.421421      0.696865      0.696865      1.393730
      1.429429      0.735903      0.735903      1.471805
      1.437437      0.774990      0.774990      1.549981
      1.445445      0.813918      0.813918      1.627837
      1.453453      0.852467      0.852467      1.704934
      1.461461      0.890411      0.890411      1.780823
      1.469469      0.927521      0.927521      1.855041
      1.477477      0.963562      0.963562      1.927125
      1.485485      0.998304      0.998304      1.996608
      1.493493      1.031515      1.031515      2.063031
      1.501502      1.062971      1.062971      2.125942
      1.509510      1.092454      1.092454      2.184907
      1.517518      1.119754      1.119754      2.239509
      1.525526      1.144678      1.144678      2.289356
      1.533534      1.167043      1.167043      2.334085
      1.541542      1.186683      1.186683      2.373367
      1.549550      1.203454      1.203454      2.406908
      1.557558      1.217228      1.217228      2.434456
      1.565566      1.227901      1.227901      2.455802
      1.573574      1.235392      1.235392      2.470784
      1.581582      1.239643      1.239643      2.479286
      1.589590      1.240622      1.240622      2.481244
      1.597598      1.238321      1.238321      2.476641
      1.605606      1.232757      1.232757      2.465515
      1.613614      1.223975      1.223975      2.447949
      1.621622      1.212040      1.212040      2.424079
      1.629630      1.197043      1.197043      2.394086
      1.637638      1.179098      1.179098      2.358197
      1.645646      1.158340      1.158340      2.316680
      1.653654      1.134923      1.134923      2.269845
      1.661662      1.109017      1.109017      2.218035
      1.669670      1.080812      1.080812      2.161624
      1.677678      1.050508      1.050508      2.101016
      1.685686      1.018317      1.018317      2.036635
      1.693694      0.984461      0.984461      1.968923
      1.701702      0.949167      0.949167      1.898335
      1.709710      0.912667      0.912667      1.825334
      1.717718      0.875193      0.875193      1.750386
      1.725726      0.836977      0.836977      1.673955
      1.733734      0.798249      0.798249      1.596498
      1.741742      0.759231      0.759231      1.518461
      1.749750      0.720138      0.720138      1.440277
      1.757758      0.681178      0.681178      1.362357
      1.765766      0.642546      0.642546      1.285093
      1.773774      0.604425      0.604425      1.208850
      1.781782      0.566984      0.566984      1.133967
      1.789790      0.530377      0.530377      1.060753
      1.797798      0.494743      0.494743      0.989486
      1.805806      0.460205      0.460205      0.920411
      1.813814      0.426871      0.426871      0.853741
      1.821822      0.394829      0.394829      0.789658
      1.829830      0.364154      0.364154      0.728308
      1.837838      0.334904      0.334904      0.669809
      1.845846      0.307122      0.307122      0.614244
      1.853854      0.280835      0.280835      0.561671
      1.861862      0.256058      0.256058      0.512117
      1.869870      0.232792      0.232792      0.465584
      1.877878      0.211025      0.211025      0.422050
      1.885886      0.190737      0.190737      0.381473
      1.893894      0.171895      0.171895      0.343790
      1.901902      0.154460      0.154460      0.308921
      1.909910      0.138386      0.138386      0.276773
      1.917918      0.123619      0.123619      0.247239
      1.925926      0.110101      0.110101      0.220203
      1.933934      0.097771      0.097771      0.195542
      1.941942      0.086563      0.086563      0.173126
      1.949950      0.076411      0.076411      0.152823
      1.957958      0.067248      0.067248      0.134497
      1.965966      0.059007      0.059007      0.118014
      1.973974      0.051620      0.051620      0.103239
      1.981982      0.045021      0.045021      0.090043
      1.989990      0.039148      0.039148      0.078295
      1.997998      0.033937      0.033937      0.067875
      2.006006      0.029331      0.029331      0.058662
      2.014014      0.025273      0.025273      0.050546
      2.022022      0.021710      0.021710      0.043420
      2.030030      0.018593      0.018593      0.037185
      2.038038      0.015874      0.015874      0.031748
      2.046046      0.013511      0.013511      0.027022
      2.054054      0.011465      0.011465      0.022930
      2.062062      0.009699      0.009699      0.019397
      2.070070      0.008179      0.008179      0.016358
      2.078078      0.006876      0.006876      0.013753
      2.086086      0.005763      0.005763      0.011527
      2.094094      0.004816      0.004816      0.009631
      2.102102      0.004011      0.004011      0.008022
      2.110110      0.003331      0.003331      0.006661
      2.118118      0.002757      0.002757      0.005514
      2.126126      0.002275      0.002275      0.004550
      2.134134      0.001872      0.001872      0.003743
      2.142142      0.001535      0.001535      0.003070
      2.150150      0.001255      0.001255      0.002509
      2.158158      0.001023      0.001023      0.002045
      2.166166      0.000831      0.000831      0.001661
      2.174174      0.000673      0.000673      0.001346
      2.182182      0.000543      0.000543      0.001086
      2.190190      0.000437      0.000437      0.000874
      2.198198      0.000351      0.000351      0.000701
      2.206206      0.000280      0.000280      0.000561
      2.214214      0.000224      0.000224      0.000447
      2.222222      0.000178      0.000178      0.000355
      2.230230      0.000141      0.000141      0.000282
      2.238238      0.000111      0.000111      0.000222
      2.246246      0.000088      0.000088      0.000175
      2.254254      0.000069      0.000069      0.000137
      2.262262      0.000054      0.000054      0.000108
      2.270270      0.000042      0.000042      0.000084
      2.278278      0.000033      0.000033      0.000065
      2.286286      0.000025      0.000025      0.000051
      2.294294      0.000020      0.000020      0.000039
      2.302302      0.000015      0.000015      0.000031
      2.310310      0.000012      0.000012      0.000024
      2.318318      0.000009      0.000009      0.000019
      2.326326      0.000007      0.000007      0.000015
      2.334334      0.000006      0.000006      0.000012
      2.342342      0.000005      0.000005      0.000011
      2.350350      0.000005      0.000005      0.000010
      2.358358      0.000005      0.000005      0.000009
      2.366366      0.000005      0.000005      0.000010
      2.374374      0.000006      0.000006      0.000011
      2.382382      0.000007      0.000007      0.000013
      2.390390      0.000008      0.000008      0.000016
      2.398398      0.000010      0.000010      0.000021
      2.406406      0.000013      0.000013      0.000026
      2.414414      0.000017      0.000017      0.000034
      2.422422      0.000022      0.000022      0.000043
      2.430430      0.000028      0.000028      0.000056
      2.438438      0.000036      0.000036      0.000071
      2.446446      0.000046      0.000046      0.000092
      2.454454      0.000059      0.000059      0.000117
      2.462462      0.000075      0.000075      0.000149
      2.470470      0.000095      0.000095      0.000190
      2.478478      0.000120      0.000120      0.000241
      2.486486      0.000152      0.000152      0.000304
      2.494494      0.000191      0.000191      0.000383
      2.502503      0.000240      0.000240      0.000481
      2.510511      0.000301      0.000301      0.000601
      2.518519      0.000375      0.000375      0.000750
      2.526527      0.000466      0.000466      0.000932
      2.534535      0.000578      0.000578      0.001155
      2.542543      0.000713      0.000713      0.001427
      2.550551      0.000878      0.000878      0.001757
      2.558559      0.001078      0.001078      0.002156
      2.566567      0.001319      0.001319      0.002638
      2.574575      0.001609      0.001609      0.003217
      2.582583      0.001955      0.001955      0.003911
      2.590591      0.002369      0.002369      0.004739
      2.598599      0.002862      0.002862      0.005724
      2.606607      0.003446      0.003446      0.006891
      2.614615      0.004135      0.004135      0.008270
      2.622623      0.004947      0.004947      0.009894
      2.630631      0.005899      0.005899      0.011798
      2.638639      0.007012      0.007012      0.014023
      2.646647      0.008307      0.008307      0.016615
      2.654655      0.009811      0.009811      0.019623
      2.662663      0.011550      0.011550      0.023101
      2.670671      0.013554      0.013554      0.027108
      2.678679      0.015854      0.015854      0.031709
      2.686687      0.018486      0.018486      0.036972
      2.694695      0.021485      0.021485      0.042970
      2.702703      0.024891      0.024891      0.049782
      2.710711      0.028745      0.028745      0.057489
      2.718719      0.033088      0.033088      0.066177
      2.726727      0.037967      0.037967      0.075934
      2.734735      0.043425      0.043425      0.086850
      2.742743      0.049509      0.049509      0.099017
      2.750751      0.056264      0.056264      0.112528
      2.758759      0.063736      0.063736      0.127473
      2.766767      0.071970      0.071970      0.143940
      2.774775      0.081007      0.081007      0.162015
      2.782783      0.090888      0.090888      0.181775
      2.790791      0.101646      0.101646      0.203292
      2.798799      0.113315      0.113315      0.226629
      2.806807      0.125918      0.125918      0.251836
      2.814815      0.139475      0.139475      0.278951
      2.822823      0.153998      0.153998      0.307996
      2.830831      0.169488      0.169488      0.338976
      2.838839      0.185939      0.185939      0.371878
      2.846847      0.203334      0.203334      0.406668
      2.854855      0.221645      0.221645      0.443289
      2.862863      0.240831      0.240831      0.481661
      2.870871      0.260840      0.260840      0.521679
      2.878879      0.281607      0.281607      0.563213
      2.886887      0.303054      0.303054      0.606107
      2.894895      0.325090      0.325090      0.650180
      2.902903      0.347613      0.347613      0.695225
      2.910911      0.370506      0.370506      0.741011
      2.918919      0.393642      0.393642      0.787284
      2.926927      0.416884      0.416884      0.833769
      2.934935      0.440086      0.440086      0.880171
      2.942943      0.463091      0.463091      0.926182
      2.950951      0.485739      0.485739      0.971478
      2.958959      0.507863      0.507863      1.015727
      2.966967      0.529296      0.529296      1.058592
      2.974975      0.549867      0.549867      1.099733
      2.982983      0.569408      0.569408      1.138817
      2.990991      0.587757      0.587757      1.175514
      2.998999      0.604755      0.604755      1.209510
      3.007007      0.620252      0.620252      1.240504
      3.015015      0.634110      0.634110      1.268220
      3.023023      0.646203      0.646203      1.292405
      3.031031      0.656417      0.656417      1.312835
      3.039039      0.664659      0.664659      1.329318
      3.047047      0.670850      0.670850      1.341700
      3.055055      0.674931      0.674931      1.349862
      3.063063      0.676863      0.676863      1.353727
      3.071071      0.676628      0.676628      1.353256
      3.079079      0.674228      0.674228      1.348456
      3.087087      0.669686      0.669686      1.339372
      3.095095      0.663045      0.663045      1.326091
      3.103103      0.654370      0.654370      1.308739
      3.111111      0.643741      0.643741      1.287481
      3.119119      0.631258      0.631258      1.262515
      3.127127      0.617036      0.617036      1.234073
      3.135135      0.601206      0.601206      1.202412
      3.143143      0.583908      0.583908      1.167816
      3.151151      0.565295      0.565295      1.130590
      3.159159      0.545526      0.545526      1.091052
      3.167167      0.524767      0.524767      1.049534
      3.175175      0.503187      0.503187      1.006374
      3.183183      0.480956      0.480956      0.961911
      3.191191      0.458243      0.458243      0.916485
      3.199199      0.435214      0.435214      0.870429
      3.207207      0.412032      0.412032      0.824065
      3.215215      0.388852      0.388852      0.777704
      3.223223      0.365820      0.365820      0.731640
      3.231231      0.343075      0.343075      0.686150
      3.239239      0.320744      0.320744      0.641488
      3.247247      0.298943      0.298943      0.597887
      3.255255      0.277778      0.277778      0.555557
      3.263263      0.257342      0.257342      0.514683
      3.271271      0.237714      0.237714      0.475429
      3.279279      0.218965      0.218965      0.437930
      3.287287      0.201151      0.201151      0.402303
      3.295295      0.184320      0.184320      0.368639
      3.303303      0.168506      0.168506      0.337012
      3.311311      0.153736      0.153736      0.307472
      3.319319      0.140029      0.140029      0.280058
      3.327327      0.127394      0.127394      0.254788
      3.335335      0.115835      0.115835      0.231670
      3.343343      0.105351      0.105351      0.210702
      3.351351      0.095935      0.095935      0.191870
      3.359359      0.087579      0.087579      0.175158
      3.367367      0.080271      0.080271      0.160542
      3.375375      0.073998      0.073998      0.147997
      3.383383      0.068749      0.068749      0.137498
      3.391391      0.064511      0.064511      0.129021
      3.399399      0.061273      0.061273      0.122545
      3.407407      0.059026      0.059026      0.118052
      3.415415      0.057764      0.057764      0.115529
      3.423423      0.057484      0.057484      0.114968
      3.431431      0.058184      0.058184      0.116368
      3.439439      0.059866      0.059866      0.119733
      3.447447      0.062536      0.062536      0.125072
      3.455455      0.066201      0.066201      0.132402
      3.463463      0.070871      0.070871      0.141741
      3.471471      0.076556      0.076556      0.153112
      3.479479      0.083270      0.083270      0.166540
      3.487487      0.091025      0.091025      0.182050
      3.495495      0.099833      0.099833      0.199667
      3.503504      0.109705      0.109705      0.219410
      3.511512      0.120649      0.120649      0.241297
      3.519520      0.132668      0.132668      0.265336
      3.527528      0.145763      0.145763      0.291525
      3.535536      0.159926      0.159926      0.319852
      3.543544      0.175145      0.175145      0.350290
      3.551552      0.191398      0.191398      0.382797
      3.559560      0.208655      0.208655      0.417310
      3.567568      0.226875      0.226875      0.453751
      3.575576      0.246008      0.246008      0.492016
      3.583584      0.265991      0.265991      0.531981
      3.591592      0.286750      0.286750      0.573499
      3.599600      0.308198      0.308198      0.616397
      3.607608      0.330240      0.330240      0.660479
      3.615616      0.352763      0.352763      0.705525
      3.623624      0.375647      0.375647      0.751294
      3.631632      0.398760      0.398760      0.797519
      3.639640      0.421959      0.421959      0.843918
      3.647648      0.445095      0.445095      0.890190
      3.655656      0.468008      0.468008      0.936017
      3.663664      0.490536      0.490536      0.981072
      3.671672      0.512509      0.512509      1.025019
      3.679680      0.533759      0.533759      1.067518
      3.687688      0.554115      0.554115      1.108230
      3.695696      0.573409      0.573409      1.146819
      3.703704      0.591479      0.591479      1.182958
      3.711712      0.608167      0.608167      1.216334
      3.719720      0.623326      0.623326      1.246651
      3.727728      0.636818      0.636818      1.273636
      3.735736      0.648521      0.648521      1.297042
      3.743744      0.658326      0.658326      1.316651
      3.751752      0.666140      0.666140      1.332279
      3.759760      0.671889      0.671889      1.343778
      3.767768      0.675519      0.675519      1.351038
      3.775776      0.676994      0.676994      1.353989
      3.783784      0.676301      0.676301      1.352603
      3.791792      0.673446      0.673446      1.346892
      3.799800      0.668457      0.668457      1.336913
      3.807808      0.661380      0.661380      1.322760
      3.815816      0.652283      0.652283      1.304567
      3.823824      0.641253      0.641253      1.282505
      3.831832      0.628390      0.628390      1.256780
      3.839840      0.613815      0.613815      1.227629
      3.847848      0.597658      0.597658      1.195315
      3.855856      0.580063      0.580063      1.160126
      3.863864      0.561184      0.561184      1.122369
      3.871872      0.541182      0.541182      1.082364
      3.879880      0.520222      0.520222      1.040443
      3.887888      0.498472      0.498472      0.996945
      3.895896      0.476103      0.476103      0.952207
      3.903904      0.453282      0.453282      0.906565
      3.911912      0.430174      0.430174      0.860348
      3.919920      0.406937      0.406937      0.813873
      3.927928      0.383722      0.383722      0.767444
      3.935936      0.360674      0.360674      0.721347
      3.943944      0.337924      0.337924      0.675848
      3.951952      0.315596      0.315596      0.631192
      3.959960      0.293800      0.293800      0.587600
      3.967968      0.272633      0.272633      0.545267
      3.975976      0.252182      0.252182      0.504364
      3.983984      0.232518      0.232518      0.465036
      3.991992      0.213701      0.213701      0.427402
      4.000000      0.195778      0.195778      0.391556
