# EIG2DOS: Utility for SIESTA to obtain the electronic density of states
#  E. Artacho, Apr 1999, A. Garcia, Apr 2012
#  Nick R. Papior, Feb 2017
# ------------------------------------------
# Eigenvalues read from graphite_c6.EIG
# Kpoint weights read from graphite_c6.KP
# Using smearing parameter:   0.2000
# Using 1000 points in the energy range
# Selected bands: 1 to: 52
# Emin, Emax in file for selected band(s):    -24.0101985    179.7326860
# Nbands, Nspin, Nk   =     52     1    25
# E_F                 =    -4.9094 eV --> (shifted to ZERO)
# Broadening          =     0.2000 eV
#
#        E            N(up)  (=)   N(down)         Ntot
     -4.000000      0.512503      0.512503      1.025005
     -3.991992      0.515099      0.515099      1.030199
     -3.983984      0.518374      0.518374      1.036749
     -3.975976      0.522314      0.522314      1.044627
     -3.967968      0.526902      0.526902      1.053803
     -3.959960      0.532119      0.532119      1.064238
     -3.951952      0.537941      0.537941      1.075883
     -3.943944      0.544340      0.544340      1.088680
     -3.935936      0.551280      0.551280      1.102561
     -3.927928      0.558721      0.558721      1.117441
     -3.919920      0.566611      0.566611      1.133223
     -3.911912      0.574896      0.574896      1.149791
     -3.903904      0.583507      0.583507      1.167013
     -3.895896      0.592369      0.592369      1.184739
     -3.887888      0.601400      0.601400      1.202800
     -3.879880      0.610505      0.610505      1.221010
     -3.871872      0.619585      0.619585      1.239170
     -3.863864      0.628533      0.628533      1.257066
     -3.855856      0.637239      0.637239      1.274479
     -3.847848      0.645593      0.645593      1.291186
     -3.839840      0.653484      0.653484      1.306969
     -3.831832      0.660810      0.660810      1.321620
     -3.823824      0.667475      0.667475      1.334950
     -3.815816      0.673399      0.673399      1.346799
     -3.807808      0.678518      0.678518      1.357036
     -3.799800      0.682787      0.682787      1.365574
     -3.791792      0.686184      0.686184      1.372368
     -3.783784      0.688709      0.688709      1.377417
     -3.775776      0.690386      0.690386      1.380772
     -3.767768      0.691262      0.691262      1.382524
     -3.759760      0.691403      0.691403      1.382806
     -3.751752      0.690893      0.690893      1.381785
     -3.743744      0.689828      0.689828      1.379656
     -3.735736      0.688315      0.688315      1.376631
     -3.727728      0.686466      0.686466      1.372933
     -3.719720      0.684392      0.684392      1.368785
     -3.711712      0.682202      0.682202      1.364405
     -3.703704      0.679998      0.679998      1.359996
     -3.695696      0.677870      0.677870      1.355740
     -3.687688      0.675897      0.675897      1.351794
     -3.679680      0.674143      0.674143      1.348286
     -3.671672      0.672656      0.672656      1.345311
     -3.663664      0.671464      0.671464      1.342928
     -3.655656      0.670579      0.670579      1.341159
     -3.647648      0.669996      0.669996      1.339991
     -3.639640      0.669687      0.669687      1.339374
     -3.631632      0.669610      0.669610      1.339220
     -3.623624      0.669705      0.669705      1.339411
     -3.615616      0.669897      0.669897      1.339794
     -3.607608      0.670095      0.670095      1.340191
     -3.599600      0.670200      0.670200      1.340401
     -3.591592      0.670103      0.670103      1.340206
     -3.583584      0.669689      0.669689      1.339378
     -3.575576      0.668844      0.668844      1.337689
     -3.567568      0.667457      0.667457      1.334914
     -3.559560      0.665423      0.665423      1.330847
     -3.551552      0.662651      0.662651      1.325302
     -3.543544      0.659063      0.659063      1.318126
     -3.535536      0.654603      0.654603      1.309206
     -3.527528      0.649234      0.649234      1.298468
     -3.519520      0.642944      0.642944      1.285888
     -3.511512      0.635742      0.635742      1.271484
     -3.503504      0.627662      0.627662      1.255324
     -3.495495      0.618756      0.618756      1.237512
     -3.487487      0.609095      0.609095      1.218190
     -3.479479      0.598765      0.598765      1.197531
     -3.471471      0.587862      0.587862      1.175725
     -3.463463      0.576489      0.576489      1.152978
     -3.455455      0.564752      0.564752      1.129503
     -3.447447      0.552755      0.552755      1.105511
     -3.439439      0.540603      0.540603      1.081206
     -3.431431      0.528392      0.528392      1.056784
     -3.423423      0.516211      0.516211      1.032422
     -3.415415      0.504142      0.504142      1.008284
     -3.407407      0.492256      0.492256      0.984513
     -3.399399      0.480617      0.480617      0.961234
     -3.391391      0.469277      0.469277      0.938555
     -3.383383      0.458282      0.458282      0.916563
     -3.375375      0.447666      0.447666      0.895332
     -3.367367      0.437459      0.437459      0.874918
     -3.359359      0.427683      0.427683      0.855365
     -3.351351      0.418353      0.418353      0.836706
     -3.343343      0.409481      0.409481      0.818961
     -3.335335      0.401072      0.401072      0.802145
     -3.327327      0.393131      0.393131      0.786263
     -3.319319      0.385657      0.385657      0.771315
     -3.311311      0.378649      0.378649      0.757297
     -3.303303      0.372101      0.372101      0.744202
     -3.295295      0.366009      0.366009      0.732018
     -3.287287      0.360367      0.360367      0.720734
     -3.279279      0.355168      0.355168      0.710335
     -3.271271      0.350404      0.350404      0.700808
     -3.263263      0.346069      0.346069      0.692138
     -3.255255      0.342156      0.342156      0.684311
     -3.247247      0.338657      0.338657      0.677315
     -3.239239      0.335568      0.335568      0.671136
     -3.231231      0.332882      0.332882      0.665764
     -3.223223      0.330594      0.330594      0.661188
     -3.215215      0.328700      0.328700      0.657400
     -3.207207      0.327197      0.327197      0.654393
     -3.199199      0.326081      0.326081      0.652163
     -3.191191      0.325352      0.325352      0.650705
     -3.183183      0.325008      0.325008      0.650017
     -3.175175      0.325050      0.325050      0.650100
     -3.167167      0.325477      0.325477      0.650955
     -3.159159      0.326293      0.326293      0.652585
     -3.151151      0.327498      0.327498      0.654996
     -3.143143      0.329097      0.329097      0.658195
     -3.135135      0.331094      0.331094      0.662188
     -3.127127      0.333493      0.333493      0.666987
     -3.119119      0.336300      0.336300      0.672601
     -3.111111      0.339521      0.339521      0.679041
     -3.103103      0.343161      0.343161      0.686322
     -3.095095      0.347227      0.347227      0.694454
     -3.087087      0.351726      0.351726      0.703452
     -3.079079      0.356663      0.356663      0.713327
     -3.071071      0.362046      0.362046      0.724091
     -3.063063      0.367878      0.367878      0.735755
     -3.055055      0.374163      0.374163      0.748327
     -3.047047      0.380906      0.380906      0.761811
     -3.039039      0.388105      0.388105      0.776209
     -3.031031      0.395759      0.395759      0.791518
     -3.023023      0.403864      0.403864      0.807727
     -3.015015      0.412411      0.412411      0.824822
     -3.007007      0.421388      0.421388      0.842776
     -2.998999      0.430778      0.430778      0.861556
     -2.990991      0.440558      0.440558      0.881117
     -2.982983      0.450701      0.450701      0.901403
     -2.974975      0.461172      0.461172      0.922345
     -2.966967      0.471930      0.471930      0.943860
     -2.958959      0.482927      0.482927      0.965854
     -2.950951      0.494109      0.494109      0.988218
     -2.942943      0.505415      0.505415      1.010831
     -2.934935      0.516780      0.516780      1.033560
     -2.926927      0.528132      0.528132      1.056264
     -2.918919      0.539398      0.539398      1.078796
     -2.910911      0.550503      0.550503      1.101006
     -2.902903      0.561372      0.561372      1.122743
     -2.894895      0.571931      0.571931      1.143862
     -2.886887      0.582111      0.582111      1.164223
     -2.878879      0.591849      0.591849      1.183699
     -2.870871      0.601088      0.601088      1.202175
     -2.862863      0.609776      0.609776      1.219552
     -2.854855      0.617871      0.617871      1.235743
     -2.846847      0.625338      0.625338      1.250676
     -2.838839      0.632145      0.632145      1.264291
     -2.830831      0.638267      0.638267      1.276533
     -2.822823      0.643677      0.643677      1.287355
     -2.814815      0.648353      0.648353      1.296706
     -2.806807      0.652267      0.652267      1.304533
     -2.798799      0.655389      0.655389      1.310777
     -2.790791      0.657684      0.657684      1.315369
     -2.782783      0.659115      0.659115      1.318231
     -2.774775      0.659640      0.659640      1.319280
     -2.766767      0.659214      0.659214      1.318428
     -2.758759      0.657794      0.657794      1.315588
     -2.750751      0.655340      0.655340      1.310680
     -2.742743      0.651820      0.651820      1.303640
     -2.734735      0.647211      0.647211      1.294422
     -2.726727      0.641503      0.641503      1.283007
     -2.718719      0.634704      0.634704      1.269408
     -2.710711      0.626837      0.626837      1.253673
     -2.702703      0.617943      0.617943      1.235886
     -2.694695      0.608082      0.608082      1.216164
     -2.686687      0.597329      0.597329      1.194658
     -2.678679      0.585774      0.585774      1.171547
     -2.670671      0.573516      0.573516      1.147031
     -2.662663      0.560663      0.560663      1.121326
     -2.654655      0.547327      0.547327      1.094653
     -2.646647      0.533620      0.533620      1.067239
     -2.638639      0.519652      0.519652      1.039305
     -2.630631      0.505530      0.505530      1.011060
     -2.622623      0.491351      0.491351      0.982703
     -2.614615      0.477206      0.477206      0.954412
     -2.606607      0.463175      0.463175      0.926349
     -2.598599      0.449328      0.449328      0.898656
     -2.590591      0.435726      0.435726      0.871452
     -2.582583      0.422419      0.422419      0.844838
     -2.574575      0.409449      0.409449      0.818899
     -2.566567      0.396849      0.396849      0.793697
     -2.558559      0.384642      0.384642      0.769284
     -2.550551      0.372847      0.372847      0.745694
     -2.542543      0.361475      0.361475      0.722950
     -2.534535      0.350532      0.350532      0.701065
     -2.526527      0.340021      0.340021      0.680042
     -2.518519      0.329939      0.329939      0.659879
     -2.510511      0.320282      0.320282      0.640563
     -2.502503      0.311041      0.311041      0.622081
     -2.494494      0.302207      0.302207      0.604414
     -2.486486      0.293769      0.293769      0.587539
     -2.478478      0.285716      0.285716      0.571432
     -2.470470      0.278034      0.278034      0.556068
     -2.462462      0.270710      0.270710      0.541421
     -2.454454      0.263731      0.263731      0.527462
     -2.446446      0.257083      0.257083      0.514166
     -2.438438      0.250752      0.250752      0.501503
     -2.430430      0.244724      0.244724      0.489449
     -2.422422      0.238988      0.238988      0.477976
     -2.414414      0.233530      0.233530      0.467060
     -2.406406      0.228337      0.228337      0.456675
     -2.398398      0.223399      0.223399      0.446798
     -2.390390      0.218703      0.218703      0.437406
     -2.382382      0.214239      0.214239      0.428478
     -2.374374      0.209996      0.209996      0.419992
     -2.366366      0.205965      0.205965      0.411930
     -2.358358      0.202136      0.202136      0.404271
     -2.350350      0.198500      0.198500      0.397000
     -2.342342      0.195049      0.195049      0.390098
     -2.334334      0.191775      0.191775      0.383550
     -2.326326      0.188671      0.188671      0.377342
     -2.318318      0.185729      0.185729      0.371458
     -2.310310      0.182944      0.182944      0.365887
     -2.302302      0.180308      0.180308      0.360616
     -2.294294      0.177816      0.177816      0.355632
     -2.286286      0.175463      0.175463      0.350926
     -2.278278      0.173244      0.173244      0.346487
     -2.270270      0.171153      0.171153      0.342306
     -2.262262      0.169187      0.169187      0.338374
     -2.254254      0.167342      0.167342      0.334683
     -2.246246      0.165613      0.165613      0.331226
     -2.238238      0.163998      0.163998      0.327995
     -2.230230      0.162492      0.162492      0.324985
     -2.222222      0.161094      0.161094      0.322189
     -2.214214      0.159801      0.159801      0.319601
     -2.206206      0.158609      0.158609      0.317219
     -2.198198      0.157518      0.157518      0.315036
     -2.190190      0.156524      0.156524      0.313049
     -2.182182      0.155627      0.155627      0.311254
     -2.174174      0.154825      0.154825      0.309650
     -2.166166      0.154116      0.154116      0.308232
     -2.158158      0.153500      0.153500      0.307000
     -2.150150      0.152975      0.152975      0.305951
     -2.142142      0.152542      0.152542      0.305083
     -2.134134      0.152199      0.152199      0.304397
     -2.126126      0.151946      0.151946      0.303892
     -2.118118      0.151783      0.151783      0.303567
     -2.110110      0.151711      0.151711      0.303423
     -2.102102      0.151730      0.151730      0.303460
     -2.094094      0.151840      0.151840      0.303681
     -2.086086      0.152043      0.152043      0.304085
     -2.078078      0.152338      0.152338      0.304676
     -2.070070      0.152728      0.152728      0.305456
     -2.062062      0.153213      0.153213      0.306427
     -2.054054      0.153796      0.153796      0.307593
     -2.046046      0.154479      0.154479      0.308957
     -2.038038      0.155262      0.155262      0.310524
     -2.030030      0.156150      0.156150      0.312299
     -2.022022      0.157143      0.157143      0.314286
     -2.014014      0.158246      0.158246      0.316492
     -2.006006      0.159462      0.159462      0.318923
     -1.997998      0.160793      0.160793      0.321585
     -1.989990      0.162243      0.162243      0.324487
     -1.981982      0.163817      0.163817      0.327635
     -1.973974      0.165520      0.165520      0.331039
     -1.965966      0.167354      0.167354      0.334708
     -1.957958      0.169326      0.169326      0.338653
     -1.949950      0.171441      0.171441      0.342883
     -1.941942      0.173705      0.173705      0.347410
     -1.933934      0.176124      0.176124      0.352247
     -1.925926      0.178703      0.178703      0.357407
     -1.917918      0.181451      0.181451      0.362902
     -1.909910      0.184374      0.184374      0.368749
     -1.901902      0.187481      0.187481      0.374961
     -1.893894      0.190778      0.190778      0.381556
     -1.885886      0.194275      0.194275      0.388550
     -1.877878      0.197981      0.197981      0.395962
     -1.869870      0.201904      0.201904      0.403809
     -1.861862      0.206055      0.206055      0.412110
     -1.853854      0.210443      0.210443      0.420886
     -1.845846      0.215078      0.215078      0.430157
     -1.837838      0.219972      0.219972      0.439943
     -1.829830      0.225133      0.225133      0.450266
     -1.821822      0.230572      0.230572      0.461145
     -1.813814      0.236301      0.236301      0.472602
     -1.805806      0.242328      0.242328      0.484656
     -1.797798      0.248663      0.248663      0.497325
     -1.789790      0.255314      0.255314      0.510627
     -1.781782      0.262288      0.262288      0.524577
     -1.773774      0.269593      0.269593      0.539185
     -1.765766      0.277230      0.277230      0.554460
     -1.757758      0.285203      0.285203      0.570406
     -1.749750      0.293509      0.293509      0.587018
     -1.741742      0.302143      0.302143      0.604287
     -1.733734      0.311097      0.311097      0.622194
     -1.725726      0.320356      0.320356      0.640711
     -1.717718      0.329898      0.329898      0.659797
     -1.709710      0.339699      0.339699      0.679398
     -1.701702      0.349722      0.349722      0.699445
     -1.693694      0.359926      0.359926      0.719852
     -1.685686      0.370258      0.370258      0.740517
     -1.677678      0.380658      0.380658      0.761316
     -1.669670      0.391054      0.391054      0.782108
     -1.661662      0.401366      0.401366      0.802732
     -1.653654      0.411503      0.411503      0.823006
     -1.645646      0.421367      0.421367      0.842735
     -1.637638      0.430853      0.430853      0.861707
     -1.629630      0.439851      0.439851      0.879702
     -1.621622      0.448248      0.448248      0.896496
     -1.613614      0.455933      0.455933      0.911866
     -1.605606      0.462799      0.462799      0.925598
     -1.597598      0.468748      0.468748      0.937496
     -1.589590      0.473694      0.473694      0.947388
     -1.581582      0.477566      0.477566      0.955133
     -1.573574      0.480315      0.480315      0.960630
     -1.565566      0.481910      0.481910      0.963820
     -1.557558      0.482346      0.482346      0.964692
     -1.549550      0.481640      0.481640      0.963279
     -1.541542      0.479832      0.479832      0.959663
     -1.533534      0.476983      0.476983      0.953966
     -1.525526      0.473174      0.473174      0.946348
     -1.517518      0.468500      0.468500      0.936999
     -1.509510      0.463066      0.463066      0.926132
     -1.501502      0.456988      0.456988      0.913976
     -1.493493      0.450382      0.450382      0.900765
     -1.485485      0.443368      0.443368      0.886736
     -1.477477      0.436060      0.436060      0.872120
     -1.469469      0.428569      0.428569      0.857138
     -1.461461      0.420998      0.420998      0.841996
     -1.453453      0.413441      0.413441      0.826882
     -1.445445      0.405985      0.405985      0.811969
     -1.437437      0.398704      0.398704      0.797408
     -1.429429      0.391666      0.391666      0.783331
     -1.421421      0.384927      0.384927      0.769854
     -1.413413      0.378537      0.378537      0.757075
     -1.405405      0.372537      0.372537      0.745075
     -1.397397      0.366961      0.366961      0.733922
     -1.389389      0.361837      0.361837      0.723673
     -1.381381      0.357186      0.357186      0.714372
     -1.373373      0.353028      0.353028      0.706056
     -1.365365      0.349376      0.349376      0.698752
     -1.357357      0.346241      0.346241      0.692483
     -1.349349      0.343632      0.343632      0.687264
     -1.341341      0.341555      0.341555      0.683109
     -1.333333      0.340013      0.340013      0.680026
     -1.325325      0.339010      0.339010      0.678020
     -1.317317      0.338548      0.338548      0.677096
     -1.309309      0.338626      0.338626      0.677253
     -1.301301      0.339246      0.339246      0.678491
     -1.293293      0.340403      0.340403      0.680807
     -1.285285      0.342097      0.342097      0.684194
     -1.277277      0.344322      0.344322      0.688644
     -1.269269      0.347073      0.347073      0.694145
     -1.261261      0.350340      0.350340      0.700680
     -1.253253      0.354114      0.354114      0.708227
     -1.245245      0.358380      0.358380      0.716759
     -1.237237      0.363120      0.363120      0.726239
     -1.229229      0.368312      0.368312      0.736623
     -1.221221      0.373928      0.373928      0.747855
     -1.213213      0.379934      0.379934      0.759868
     -1.205205      0.386290      0.386290      0.772580
     -1.197197      0.392947      0.392947      0.785894
     -1.189189      0.399848      0.399848      0.799695
     -1.181181      0.406926      0.406926      0.813852
     -1.173173      0.414107      0.414107      0.828213
     -1.165165      0.421304      0.421304      0.842609
     -1.157157      0.428424      0.428424      0.856849
     -1.149149      0.435365      0.435365      0.870729
     -1.141141      0.442014      0.442014      0.884029
     -1.133133      0.448259      0.448259      0.896517
     -1.125125      0.453979      0.453979      0.907958
     -1.117117      0.459058      0.459058      0.918116
     -1.109109      0.463380      0.463380      0.926760
     -1.101101      0.466839      0.466839      0.933678
     -1.093093      0.469338      0.469338      0.938677
     -1.085085      0.470798      0.470798      0.941596
     -1.077077      0.471155      0.471155      0.942310
     -1.069069      0.470368      0.470368      0.940736
     -1.061061      0.468418      0.468418      0.936837
     -1.053053      0.465311      0.465311      0.930622
     -1.045045      0.461074      0.461074      0.922148
     -1.037037      0.455757      0.455757      0.911513
     -1.029029      0.449428      0.449428      0.898857
     -1.021021      0.442174      0.442174      0.884348
     -1.013013      0.434092      0.434092      0.868183
     -1.005005      0.425287      0.425287      0.850574
     -0.996997      0.415872      0.415872      0.831743
     -0.988989      0.405958      0.405958      0.811915
     -0.980981      0.395655      0.395655      0.791310
     -0.972973      0.385069      0.385069      0.770139
     -0.964965      0.374299      0.374299      0.748598
     -0.956957      0.363435      0.363435      0.726869
     -0.948949      0.352557      0.352557      0.705114
     -0.940941      0.341737      0.341737      0.683474
     -0.932933      0.331037      0.331037      0.662074
     -0.924925      0.320508      0.320508      0.641017
     -0.916917      0.310194      0.310194      0.620388
     -0.908909      0.300129      0.300129      0.600258
     -0.900901      0.290340      0.290340      0.580680
     -0.892893      0.280847      0.280847      0.561694
     -0.884885      0.271665      0.271665      0.543330
     -0.876877      0.262803      0.262803      0.525607
     -0.868869      0.254267      0.254267      0.508534
     -0.860861      0.246057      0.246057      0.492113
     -0.852853      0.238171      0.238171      0.476342
     -0.844845      0.230606      0.230606      0.461212
     -0.836837      0.223356      0.223356      0.446711
     -0.828829      0.216412      0.216412      0.432824
     -0.820821      0.209767      0.209767      0.419534
     -0.812813      0.203410      0.203410      0.406820
     -0.804805      0.197331      0.197331      0.394663
     -0.796797      0.191521      0.191521      0.383042
     -0.788789      0.185967      0.185967      0.371934
     -0.780781      0.180660      0.180660      0.361319
     -0.772773      0.175588      0.175588      0.351175
     -0.764765      0.170741      0.170741      0.341481
     -0.756757      0.166108      0.166108      0.332216
     -0.748749      0.161680      0.161680      0.323360
     -0.740741      0.157447      0.157447      0.314894
     -0.732733      0.153399      0.153399      0.306798
     -0.724725      0.149527      0.149527      0.299055
     -0.716717      0.145823      0.145823      0.291647
     -0.708709      0.142279      0.142279      0.284558
     -0.700701      0.138886      0.138886      0.277771
     -0.692693      0.135637      0.135637      0.271273
     -0.684685      0.132524      0.132524      0.265048
     -0.676677      0.129542      0.129542      0.259084
     -0.668669      0.126683      0.126683      0.253367
     -0.660661      0.123942      0.123942      0.247884
     -0.652653      0.121313      0.121313      0.242625
     -0.644645      0.118789      0.118789      0.237579
     -0.636637      0.116367      0.116367      0.232734
     -0.628629      0.114041      0.114041      0.228082
     -0.620621      0.111806      0.111806      0.223613
     -0.612613      0.109659      0.109659      0.219318
     -0.604605      0.107594      0.107594      0.215188
     -0.596597      0.105609      0.105609      0.211217
     -0.588589      0.103698      0.103698      0.207397
     -0.580581      0.101860      0.101860      0.203720
     -0.572573      0.100090      0.100090      0.200180
     -0.564565      0.098385      0.098385      0.196771
     -0.556557      0.096743      0.096743      0.193486
     -0.548549      0.095160      0.095160      0.190321
     -0.540541      0.093635      0.093635      0.187269
     -0.532533      0.092163      0.092163      0.184326
     -0.524525      0.090744      0.090744      0.181487
     -0.516517      0.089374      0.089374      0.178748
     -0.508509      0.088052      0.088052      0.176104
     -0.500501      0.086775      0.086775      0.173551
     -0.492492      0.085543      0.085543      0.171085
     -0.484484      0.084352      0.084352      0.168703
     -0.476476      0.083201      0.083201      0.166402
     -0.468468      0.082088      0.082088      0.164177
     -0.460460      0.081013      0.081013      0.162026
     -0.452452      0.079973      0.079973      0.159945
     -0.444444      0.078967      0.078967      0.157933
     -0.436436      0.077993      0.077993      0.155987
     -0.428428      0.077051      0.077051      0.154103
     -0.420420      0.076140      0.076140      0.152279
     -0.412412      0.075257      0.075257      0.150514
     -0.404404      0.074402      0.074402      0.148805
     -0.396396      0.073575      0.073575      0.147149
     -0.388388      0.072773      0.072773      0.145546
     -0.380380      0.071996      0.071996      0.143992
     -0.372372      0.071244      0.071244      0.142487
     -0.364364      0.070514      0.070514      0.141029
     -0.356356      0.069807      0.069807      0.139615
     -0.348348      0.069122      0.069122      0.138245
     -0.340340      0.068458      0.068458      0.136916
     -0.332332      0.067814      0.067814      0.135628
     -0.324324      0.067190      0.067190      0.134379
     -0.316316      0.066584      0.066584      0.133168
     -0.308308      0.065997      0.065997      0.131994
     -0.300300      0.065427      0.065427      0.130855
     -0.292292      0.064875      0.064875      0.129750
     -0.284284      0.064339      0.064339      0.128679
     -0.276276      0.063820      0.063820      0.127639
     -0.268268      0.063316      0.063316      0.126631
     -0.260260      0.062827      0.062827      0.125654
     -0.252252      0.062353      0.062353      0.124705
     -0.244244      0.061893      0.061893      0.123786
     -0.236236      0.061447      0.061447      0.122894
     -0.228228      0.061014      0.061014      0.122029
     -0.220220      0.060595      0.060595      0.121190
     -0.212212      0.060188      0.060188      0.120377
     -0.204204      0.059794      0.059794      0.119588
     -0.196196      0.059412      0.059412      0.118824
     -0.188188      0.059042      0.059042      0.118083
     -0.180180      0.058683      0.058683      0.117365
     -0.172172      0.058335      0.058335      0.116670
     -0.164164      0.057998      0.057998      0.115996
     -0.156156      0.057672      0.057672      0.115344
     -0.148148      0.057356      0.057356      0.114712
     -0.140140      0.057050      0.057050      0.114101
     -0.132132      0.056755      0.056755      0.113509
     -0.124124      0.056468      0.056468      0.112937
     -0.116116      0.056192      0.056192      0.112384
     -0.108108      0.055924      0.055924      0.111849
     -0.100100      0.055666      0.055666      0.111332
     -0.092092      0.055417      0.055417      0.110833
     -0.084084      0.055176      0.055176      0.110352
     -0.076076      0.054944      0.054944      0.109888
     -0.068068      0.054720      0.054720      0.109440
     -0.060060      0.054505      0.054505      0.109009
     -0.052052      0.054297      0.054297      0.108594
     -0.044044      0.054098      0.054098      0.108195
     -0.036036      0.053906      0.053906      0.107812
     -0.028028      0.053722      0.053722      0.107444
     -0.020020      0.053545      0.053545      0.107091
     -0.012012      0.053376      0.053376      0.106753
     -0.004004      0.053215      0.053215      0.106429
      0.004004      0.053060      0.053060      0.106120
      0.012012      0.052913      0.052913      0.105825
      0.020020      0.052772      0.052772      0.105545
      0.028028      0.052639      0.052639      0.105278
      0.036036      0.052512      0.052512      0.105025
      0.044044      0.052393      0.052393      0.104785
      0.052052      0.052279      0.052279      0.104559
      0.060060      0.052173      0.052173      0.104346
      0.068068      0.052073      0.052073      0.104146
      0.076076      0.051980      0.051980      0.103960
      0.084084      0.051893      0.051893      0.103786
      0.092092      0.051812      0.051812      0.103625
      0.100100      0.051738      0.051738      0.103476
      0.108108      0.051670      0.051670      0.103341
      0.116116      0.051609      0.051609      0.103217
      0.124124      0.051553      0.051553      0.103107
      0.132132      0.051504      0.051504      0.103008
      0.140140      0.051461      0.051461      0.102922
      0.148148      0.051424      0.051424      0.102849
      0.156156      0.051394      0.051394      0.102787
      0.164164      0.051369      0.051369      0.102738
      0.172172      0.051351      0.051351      0.102701
      0.180180      0.051338      0.051338      0.102676
      0.188188      0.051332      0.051332      0.102664
      0.196196      0.051332      0.051332      0.102663
      0.204204      0.051337      0.051337      0.102675
      0.212212      0.051349      0.051349      0.102699
      0.220220      0.051367      0.051367      0.102735
      0.228228      0.051392      0.051392      0.102783
      0.236236      0.051422      0.051422      0.102844
      0.244244      0.051458      0.051458      0.102917
      0.252252      0.051501      0.051501      0.103002
      0.260260      0.051550      0.051550      0.103100
      0.268268      0.051605      0.051605      0.103210
      0.276276      0.051666      0.051666      0.103332
      0.284284      0.051734      0.051734      0.103468
      0.292292      0.051808      0.051808      0.103616
      0.300300      0.051888      0.051888      0.103777
      0.308308      0.051975      0.051975      0.103950
      0.316316      0.052069      0.052069      0.104137
      0.324324      0.052168      0.052168      0.104337
      0.332332      0.052275      0.052275      0.104550
      0.340340      0.052388      0.052388      0.104777
      0.348348      0.052508      0.052508      0.105017
      0.356356      0.052635      0.052635      0.105271
      0.364364      0.052769      0.052769      0.105538
      0.372372      0.052910      0.052910      0.105820
      0.380380      0.053058      0.053058      0.106116
      0.388388      0.053213      0.053213      0.106427
      0.396396      0.053376      0.053376      0.106752
      0.404404      0.053546      0.053546      0.107092
      0.412412      0.053723      0.053723      0.107447
      0.420420      0.053908      0.053908      0.107817
      0.428428      0.054101      0.054101      0.108203
      0.436436      0.054302      0.054302      0.108604
      0.444444      0.054511      0.054511      0.109022
      0.452452      0.054728      0.054728      0.109456
      0.460460      0.054953      0.054953      0.109907
      0.468468      0.055187      0.055187      0.110374
      0.476476      0.055430      0.055430      0.110859
      0.484484      0.055681      0.055681      0.111362
      0.492492      0.055941      0.055941      0.111882
      0.500501      0.056211      0.056211      0.112421
      0.508509      0.056489      0.056489      0.112979
      0.516517      0.056778      0.056778      0.113556
      0.524525      0.057076      0.057076      0.114152
      0.532533      0.057384      0.057384      0.114768
      0.540541      0.057702      0.057702      0.115405
      0.548549      0.058031      0.058031      0.116063
      0.556557      0.058371      0.058371      0.116742
      0.564565      0.058721      0.058721      0.117442
      0.572573      0.059083      0.059083      0.118166
      0.580581      0.059456      0.059456      0.118912
      0.588589      0.059841      0.059841      0.119682
      0.596597      0.060238      0.060238      0.120476
      0.604605      0.060647      0.060647      0.121295
      0.612613      0.061070      0.061070      0.122139
      0.620621      0.061505      0.061505      0.123010
      0.628629      0.061953      0.061953      0.123907
      0.636637      0.062416      0.062416      0.124832
      0.644645      0.062892      0.062892      0.125785
      0.652653      0.063384      0.063384      0.126767
      0.660661      0.063890      0.063890      0.127779
      0.668669      0.064411      0.064411      0.128823
      0.676677      0.064949      0.064949      0.129898
      0.684685      0.065503      0.065503      0.131005
      0.692693      0.066073      0.066073      0.132147
      0.700701      0.066661      0.066661      0.133323
      0.708709      0.067267      0.067267      0.134535
      0.716717      0.067892      0.067892      0.135784
      0.724725      0.068535      0.068535      0.137071
      0.732733      0.069199      0.069199      0.138397
      0.740741      0.069882      0.069882      0.139764
      0.748749      0.070587      0.070587      0.141174
      0.756757      0.071313      0.071313      0.142626
      0.764765      0.072062      0.072062      0.144123
      0.772773      0.072833      0.072833      0.145667
      0.780781      0.073629      0.073629      0.147258
      0.788789      0.074450      0.074450      0.148900
      0.796797      0.075296      0.075296      0.150592
      0.804805      0.076169      0.076169      0.152338
      0.812813      0.077070      0.077070      0.154139
      0.820821      0.077999      0.077999      0.155997
      0.828829      0.078957      0.078957      0.157915
      0.836837      0.079947      0.079947      0.159894
      0.844845      0.080968      0.080968      0.161936
      0.852853      0.082023      0.082023      0.164045
      0.860861      0.083111      0.083111      0.166223
      0.868869      0.084236      0.084236      0.168472
      0.876877      0.085398      0.085398      0.170795
      0.884885      0.086598      0.086598      0.173195
      0.892893      0.087838      0.087838      0.175676
      0.900901      0.089120      0.089120      0.178240
      0.908909      0.090445      0.090445      0.180891
      0.916917      0.091816      0.091816      0.183632
      0.924925      0.093234      0.093234      0.186468
      0.932933      0.094701      0.094701      0.189402
      0.940941      0.096219      0.096219      0.192438
      0.948949      0.097790      0.097790      0.195581
      0.956957      0.099418      0.099418      0.198835
      0.964965      0.101103      0.101103      0.202206
      0.972973      0.102849      0.102849      0.205697
      0.980981      0.104658      0.104658      0.209316
      0.988989      0.106534      0.106534      0.213067
      0.996997      0.108478      0.108478      0.216957
      1.005005      0.110496      0.110496      0.220991
      1.013013      0.112589      0.112589      0.225178
      1.021021      0.114761      0.114761      0.229522
      1.029029      0.117017      0.117017      0.234033
      1.037037      0.119359      0.119359      0.238718
      1.045045      0.121793      0.121793      0.243585
      1.053053      0.124322      0.124322      0.248644
      1.061061      0.126951      0.126951      0.253902
      1.069069      0.129686      0.129686      0.259371
      1.077077      0.132531      0.132531      0.265061
      1.085085      0.135491      0.135491      0.270983
      1.093093      0.138574      0.138574      0.277148
      1.101101      0.141784      0.141784      0.283568
      1.109109      0.145129      0.145129      0.290258
      1.117117      0.148615      0.148615      0.297229
      1.125125      0.152249      0.152249      0.304498
      1.133133      0.156040      0.156040      0.312080
      1.141141      0.159995      0.159995      0.319989
      1.149149      0.164123      0.164123      0.328245
      1.157157      0.168433      0.168433      0.336865
      1.165165      0.172934      0.172934      0.345868
      1.173173      0.177637      0.177637      0.355274
      1.181181      0.182553      0.182553      0.365105
      1.189189      0.187691      0.187691      0.375383
      1.197197      0.193066      0.193066      0.386131
      1.205205      0.198687      0.198687      0.397375
      1.213213      0.204569      0.204569      0.409139
      1.221221      0.210726      0.210726      0.421451
      1.229229      0.217170      0.217170      0.434340
      1.237237      0.223917      0.223917      0.447833
      1.245245      0.230981      0.230981      0.461963
      1.253253      0.238380      0.238380      0.476759
      1.261261      0.246127      0.246127      0.492255
      1.269269      0.254241      0.254241      0.508482
      1.277277      0.262737      0.262737      0.525474
      1.285285      0.271632      0.271632      0.543264
      1.293293      0.280943      0.280943      0.561885
      1.301301      0.290685      0.290685      0.581369
      1.309309      0.300874      0.300874      0.601748
      1.317317      0.311525      0.311525      0.623050
      1.325325      0.322651      0.322651      0.645302
      1.333333      0.334263      0.334263      0.668526
      1.341341      0.346370      0.346370      0.692741
      1.349349      0.358979      0.358979      0.717958
      1.357357      0.372091      0.372091      0.744182
      1.365365      0.385704      0.385704      0.771409
      1.373373      0.399812      0.399812      0.799623
      1.381381      0.414399      0.414399      0.828799
      1.389389      0.429446      0.429446      0.858893
      1.397397      0.444924      0.444924      0.889848
      1.405405      0.460794      0.460794      0.921588
      1.413413      0.477009      0.477009      0.954018
      1.421421      0.493511      0.493511      0.987021
      1.429429      0.510229      0.510229      1.020459
      1.437437      0.527085      0.527085      1.054170
      1.445445      0.543987      0.543987      1.087973
      1.453453      0.560833      0.560833      1.121665
      1.461461      0.577513      0.577513      1.155025
      1.469469      0.593910      0.593910      1.187819
      1.477477      0.609901      0.609901      1.219801
      1.485485      0.625361      0.625361      1.250722
      1.493493      0.640167      0.640167      1.280334
      1.501502      0.654197      0.654197      1.308394
      1.509510      0.667337      0.667337      1.334674
      1.517518      0.679483      0.679483      1.358967
      1.525526      0.690542      0.690542      1.381083
      1.533534      0.700432      0.700432      1.400864
      1.541542      0.709087      0.709087      1.418174
      1.549550      0.716453      0.716453      1.432906
      1.557558      0.722489      0.722489      1.444978
      1.565566      0.727165      0.727165      1.454329
      1.573574      0.730459      0.730459      1.460918
      1.581582      0.732359      0.732359      1.464718
      1.589590      0.732858      0.732858      1.465716
      1.597598      0.731953      0.731953      1.463907
      1.605606      0.729650      0.729650      1.459300
      1.613614      0.725957      0.725957      1.451913
      1.621622      0.720890      0.720890      1.441779
      1.629630      0.714473      0.714473      1.428947
      1.637638      0.706743      0.706743      1.413485
      1.645646      0.697743      0.697743      1.395487
      1.653654      0.687535      0.687535      1.375069
      1.661662      0.676189      0.676189      1.352378
      1.669670      0.663793      0.663793      1.327585
      1.677678      0.650443      0.650443      1.300887
      1.685686      0.636250      0.636250      1.272500
      1.693694      0.621330      0.621330      1.242660
      1.701702      0.605805      0.605805      1.211610
      1.709710      0.589801      0.589801      1.179603
      1.717718      0.573442      0.573442      1.146885
      1.725726      0.556849      0.556849      1.113698
      1.733734      0.540136      0.540136      1.080273
      1.741742      0.523411      0.523411      1.046822
      1.749750      0.506771      0.506771      1.013542
      1.757758      0.490302      0.490302      0.980605
      1.765766      0.474082      0.474082      0.948163
      1.773774      0.458173      0.458173      0.916347
      1.781782      0.442632      0.442632      0.885263
      1.789790      0.427500      0.427500      0.855001
      1.797798      0.412814      0.412814      0.825628
      1.805806      0.398598      0.398598      0.797195
      1.813814      0.384870      0.384870      0.769739
      1.821822      0.371641      0.371641      0.743281
      1.829830      0.358916      0.358916      0.717833
      1.837838      0.346697      0.346697      0.693394
      1.845846      0.334979      0.334979      0.669958
      1.853854      0.323754      0.323754      0.647509
      1.861862      0.313014      0.313014      0.626028
      1.869870      0.302745      0.302745      0.605490
      1.877878      0.292935      0.292935      0.585869
      1.885886      0.283567      0.283567      0.567134
      1.893894      0.274627      0.274627      0.549255
      1.901902      0.266099      0.266099      0.532198
      1.909910      0.257966      0.257966      0.515931
      1.917918      0.250210      0.250210      0.500421
      1.925926      0.242817      0.242817      0.485634
      1.933934      0.235770      0.235770      0.471539
      1.941942      0.229052      0.229052      0.458105
      1.949950      0.222650      0.222650      0.445299
      1.957958      0.216547      0.216547      0.433093
      1.965966      0.210729      0.210729      0.421459
      1.973974      0.205184      0.205184      0.410368
      1.981982      0.199897      0.199897      0.399794
      1.989990      0.194856      0.194856      0.389713
      1.997998      0.190050      0.190050      0.380099
      2.006006      0.185466      0.185466      0.370932
      2.014014      0.181094      0.181094      0.362188
      2.022022      0.176923      0.176923      0.353847
      2.030030      0.172945      0.172945      0.345890
      2.038038      0.169149      0.169149      0.338298
      2.046046      0.165527      0.165527      0.331054
      2.054054      0.162071      0.162071      0.324142
      2.062062      0.158773      0.158773      0.317545
      2.070070      0.155625      0.155625      0.311250
      2.078078      0.152621      0.152621      0.305241
      2.086086      0.149754      0.149754      0.299507
      2.094094      0.147017      0.147017      0.294034
      2.102102      0.144406      0.144406      0.288812
      2.110110      0.141914      0.141914      0.283828
      2.118118      0.139537      0.139537      0.279073
      2.126126      0.137269      0.137269      0.274537
      2.134134      0.135105      0.135105      0.270211
      2.142142      0.133043      0.133043      0.266086
      2.150150      0.131077      0.131077      0.262153
      2.158158      0.129203      0.129203      0.258406
      2.166166      0.127419      0.127419      0.254837
      2.174174      0.125720      0.125720      0.251439
      2.182182      0.124103      0.124103      0.248206
      2.190190      0.122566      0.122566      0.245132
      2.198198      0.121106      0.121106      0.242211
      2.206206      0.119719      0.119719      0.239438
      2.214214      0.118404      0.118404      0.236808
      2.222222      0.117158      0.117158      0.234317
      2.230230      0.115979      0.115979      0.231959
      2.238238      0.114866      0.114866      0.229731
      2.246246      0.113815      0.113815      0.227630
      2.254254      0.112826      0.112826      0.225651
      2.262262      0.111896      0.111896      0.223792
      2.270270      0.111024      0.111024      0.222049
      2.278278      0.110210      0.110210      0.220420
      2.286286      0.109451      0.109451      0.218901
      2.294294      0.108746      0.108746      0.217491
      2.302302      0.108094      0.108094      0.216188
      2.310310      0.107495      0.107495      0.214989
      2.318318      0.106946      0.106946      0.213893
      2.326326      0.106449      0.106449      0.212898
      2.334334      0.106001      0.106001      0.212002
      2.342342      0.105603      0.105603      0.211205
      2.350350      0.105253      0.105253      0.210506
      2.358358      0.104951      0.104951      0.209903
      2.366366      0.104698      0.104698      0.209396
      2.374374      0.104492      0.104492      0.208984
      2.382382      0.104333      0.104333      0.208666
      2.390390      0.104222      0.104222      0.208444
      2.398398      0.104158      0.104158      0.208316
      2.406406      0.104141      0.104141      0.208283
      2.414414      0.104172      0.104172      0.208345
      2.422422      0.104251      0.104251      0.208502
      2.430430      0.104378      0.104378      0.208756
      2.438438      0.104553      0.104553      0.209106
      2.446446      0.104777      0.104777      0.209555
      2.454454      0.105051      0.105051      0.210102
      2.462462      0.105375      0.105375      0.210750
      2.470470      0.105750      0.105750      0.211500
      2.478478      0.106177      0.106177      0.212354
      2.486486      0.106657      0.106657      0.213313
      2.494494      0.107190      0.107190      0.214380
      2.502503      0.107779      0.107779      0.215558
      2.510511      0.108424      0.108424      0.216848
      2.518519      0.109127      0.109127      0.218254
      2.526527      0.109889      0.109889      0.219779
      2.534535      0.110713      0.110713      0.221426
      2.542543      0.111599      0.111599      0.223199
      2.550551      0.112551      0.112551      0.225101
      2.558559      0.113569      0.113569      0.227137
      2.566567      0.114656      0.114656      0.229312
      2.574575      0.115815      0.115815      0.231630
      2.582583      0.117048      0.117048      0.234097
      2.590591      0.118359      0.118359      0.236717
      2.598599      0.119749      0.119749      0.239498
      2.606607      0.121222      0.121222      0.242444
      2.614615      0.122782      0.122782      0.245564
      2.622623      0.124432      0.124432      0.248865
      2.630631      0.126177      0.126177      0.252353
      2.638639      0.128019      0.128019      0.256038
      2.646647      0.129964      0.129964      0.259928
      2.654655      0.132016      0.132016      0.264032
      2.662663      0.134180      0.134180      0.268360
      2.670671      0.136461      0.136461      0.272922
      2.678679      0.138865      0.138865      0.277731
      2.686687      0.141398      0.141398      0.282797
      2.694695      0.144066      0.144066      0.288132
      2.702703      0.146875      0.146875      0.293751
      2.710711      0.149833      0.149833      0.299666
      2.718719      0.152947      0.152947      0.305893
      2.726727      0.156223      0.156223      0.312447
      2.734735      0.159671      0.159671      0.319343
      2.742743      0.163299      0.163299      0.326599
      2.750751      0.167116      0.167116      0.334232
      2.758759      0.171130      0.171130      0.342261
      2.766767      0.175352      0.175352      0.350704
      2.774775      0.179790      0.179790      0.359581
      2.782783      0.184456      0.184456      0.368912
      2.790791      0.189359      0.189359      0.378718
      2.798799      0.194509      0.194509      0.389019
      2.806807      0.199918      0.199918      0.399835
      2.814815      0.205594      0.205594      0.411188
      2.822823      0.211548      0.211548      0.423097
      2.830831      0.217790      0.217790      0.435581
      2.838839      0.224329      0.224329      0.448657
      2.846847      0.231171      0.231171      0.462342
      2.854855      0.238323      0.238323      0.476647
      2.862863      0.245791      0.245791      0.491582
      2.870871      0.253577      0.253577      0.507153
      2.878879      0.261679      0.261679      0.523359
      2.886887      0.270096      0.270096      0.540193
      2.894895      0.278820      0.278820      0.557640
      2.902903      0.287838      0.287838      0.575676
      2.910911      0.297132      0.297132      0.594265
      2.918919      0.306680      0.306680      0.613360
      2.926927      0.316449      0.316449      0.632899
      2.934935      0.326402      0.326402      0.652803
      2.942943      0.336489      0.336489      0.672978
      2.950951      0.346655      0.346655      0.693309
      2.958959      0.356832      0.356832      0.713663
      2.966967      0.366944      0.366944      0.733887
      2.974975      0.376904      0.376904      0.753808
      2.982983      0.386618      0.386618      0.773236
      2.990991      0.395983      0.395983      0.791966
      2.998999      0.404889      0.404889      0.809778
      3.007007      0.413224      0.413224      0.826447
      3.015015      0.420873      0.420873      0.841747
      3.023023      0.427728      0.427728      0.855455
      3.031031      0.433682      0.433682      0.867363
      3.039039      0.438641      0.438641      0.877282
      3.047047      0.442525      0.442525      0.885050
      3.055055      0.445272      0.445272      0.890543
      3.063063      0.446838      0.446838      0.893676
      3.071071      0.447204      0.447204      0.894408
      3.079079      0.446373      0.446373      0.892746
      3.087087      0.444371      0.444371      0.888742
      3.095095      0.441247      0.441247      0.882494
      3.103103      0.437069      0.437069      0.874138
      3.111111      0.431922      0.431922      0.863844
      3.119119      0.425904      0.425904      0.851808
      3.127127      0.419123      0.419123      0.838246
      3.135135      0.411692      0.411692      0.823384
      3.143143      0.403726      0.403726      0.807453
      3.151151      0.395340      0.395340      0.790679
      3.159159      0.386641      0.386641      0.773282
      3.167167      0.377734      0.377734      0.755468
      3.175175      0.368713      0.368713      0.737426
      3.183183      0.359664      0.359664      0.719328
      3.191191      0.350663      0.350663      0.701326
      3.199199      0.341777      0.341777      0.683553
      3.207207      0.333062      0.333062      0.666123
      3.215215      0.324566      0.324566      0.649131
      3.223223      0.316328      0.316328      0.632655
      3.231231      0.308379      0.308379      0.616758
      3.239239      0.300745      0.300745      0.601490
      3.247247      0.293444      0.293444      0.586888
      3.255255      0.286489      0.286489      0.572978
      3.263263      0.279889      0.279889      0.559779
      3.271271      0.273650      0.273650      0.547301
      3.279279      0.267774      0.267774      0.535549
      3.287287      0.262261      0.262261      0.524523
      3.295295      0.257109      0.257109      0.514217
      3.303303      0.252313      0.252313      0.504627
      3.311311      0.247870      0.247870      0.495741
      3.319319      0.243775      0.243775      0.487549
      3.327327      0.240020      0.240020      0.480040
      3.335335      0.236600      0.236600      0.473201
      3.343343      0.233510      0.233510      0.467020
      3.351351      0.230743      0.230743      0.461485
      3.359359      0.228293      0.228293      0.456586
      3.367367      0.226155      0.226155      0.452310
      3.375375      0.224324      0.224324      0.448649
      3.383383      0.222797      0.222797      0.445593
      3.391391      0.221568      0.221568      0.443137
      3.399399      0.220636      0.220636      0.441273
      3.407407      0.219998      0.219998      0.439996
      3.415415      0.219652      0.219652      0.439304
      3.423423      0.219598      0.219598      0.439195
      3.431431      0.219834      0.219834      0.439668
      3.439439      0.220362      0.220362      0.440725
      3.447447      0.221184      0.221184      0.442367
      3.455455      0.222299      0.222299      0.444599
      3.463463      0.223713      0.223713      0.447426
      3.471471      0.225427      0.225427      0.450855
      3.479479      0.227447      0.227447      0.454893
      3.487487      0.229775      0.229775      0.459551
      3.495495      0.232418      0.232418      0.464837
      3.503504      0.235381      0.235381      0.470763
      3.511512      0.238670      0.238670      0.477340
      3.519520      0.242291      0.242291      0.484581
      3.527528      0.246249      0.246249      0.492498
      3.535536      0.250552      0.250552      0.501103
      3.543544      0.255204      0.255204      0.510408
      3.551552      0.260211      0.260211      0.520422
      3.559560      0.265577      0.265577      0.531154
      3.567568      0.271305      0.271305      0.542611
      3.575576      0.277397      0.277397      0.554794
      3.583584      0.283851      0.283851      0.567702
      3.591592      0.290664      0.290664      0.581329
      3.599600      0.297830      0.297830      0.595660
      3.607608      0.305337      0.305337      0.610674
      3.615616      0.313170      0.313170      0.626341
      3.623624      0.321308      0.321308      0.642617
      3.631632      0.329724      0.329724      0.659448
      3.639640      0.338382      0.338382      0.676765
      3.647648      0.347241      0.347241      0.694482
      3.655656      0.356248      0.356248      0.712496
      3.663664      0.365343      0.365343      0.730686
      3.671672      0.374455      0.374455      0.748911
      3.679680      0.383505      0.383505      0.767009
      3.687688      0.392401      0.392401      0.784803
      3.695696      0.401047      0.401047      0.802093
      3.703704      0.409335      0.409335      0.818669
      3.711712      0.417154      0.417154      0.834308
      3.719720      0.424390      0.424390      0.848780
      3.727728      0.430928      0.430928      0.861856
      3.735736      0.436657      0.436657      0.873314
      3.743744      0.441472      0.441472      0.882944
      3.751752      0.445281      0.445281      0.890562
      3.759760      0.448005      0.448005      0.896010
      3.767768      0.449585      0.449585      0.899170
      3.775776      0.449980      0.449980      0.899961
      3.783784      0.449176      0.449176      0.898351
      3.791792      0.447177      0.447177      0.894355
      3.799800      0.444015      0.444015      0.888031
      3.807808      0.439741      0.439741      0.879482
      3.815816      0.434425      0.434425      0.868851
      3.823824      0.428155      0.428155      0.856310
      3.831832      0.421029      0.421029      0.842058
      3.839840      0.413156      0.413156      0.826312
      3.847848      0.404647      0.404647      0.809295
      3.855856      0.395617      0.395617      0.791235
      3.863864      0.386177      0.386177      0.772355
      3.871872      0.376434      0.376434      0.752868
      3.879880      0.366488      0.366488      0.732976
      3.887888      0.356429      0.356429      0.712859
      3.895896      0.346342      0.346342      0.692683
      3.903904      0.336296      0.336296      0.672593
      3.911912      0.326357      0.326357      0.652713
      3.919920      0.316575      0.316575      0.633151
      3.927928      0.306996      0.306996      0.613993
      3.935936      0.297655      0.297655      0.595310
      3.943944      0.288580      0.288580      0.577159
      3.951952      0.279791      0.279791      0.559583
      3.959960      0.271305      0.271305      0.542611
      3.967968      0.263132      0.263132      0.526263
      3.975976      0.255276      0.255276      0.510552
      3.983984      0.247741      0.247741      0.495481
      3.991992      0.240525      0.240525      0.481049
      4.000000      0.233624      0.233624      0.467248
