# EIG2DOS: Utility for SIESTA to obtain the electronic density of states
#  E. Artacho, Apr 1999, A. Garcia, Apr 2012
#  Nick R. Papior, Feb 2017
# ------------------------------------------
# Eigenvalues read from graphite_c6.EIG
# Kpoint weights read from graphite_c6.KP
# Using smearing parameter:   0.1000
# Using 1000 points in the energy range
# Selected bands: 1 to: 52
# Emin, Emax in file for selected band(s):    -24.0101985    179.7326860
# Nbands, Nspin, Nk   =     52     1    25
# E_F                 =    -4.9094 eV --> (shifted to ZERO)
# Broadening          =     0.1000 eV
#
#        E            N(up)  (=)   N(down)         Ntot
     -4.000000      0.019307      0.019307      0.038615
     -3.991992      0.026677      0.026677      0.053353
     -3.983984      0.036400      0.036400      0.072800
     -3.975976      0.049040      0.049040      0.098080
     -3.967968      0.065231      0.065231      0.130463
     -3.959960      0.085664      0.085664      0.171329
     -3.951952      0.111065      0.111065      0.222131
     -3.943944      0.142163      0.142163      0.284326
     -3.935936      0.179650      0.179650      0.359300
     -3.927928      0.224128      0.224128      0.448257
     -3.919920      0.276056      0.276056      0.552111
     -3.911912      0.335681      0.335681      0.671362
     -3.903904      0.402983      0.402983      0.805966
     -3.895896      0.477614      0.477614      0.955227
     -3.887888      0.558852      0.558852      1.117705
     -3.879880      0.645577      0.645577      1.291154
     -3.871872      0.736257      0.736257      1.472514
     -3.863864      0.828976      0.828976      1.657953
     -3.855856      0.921482      0.921482      1.842963
     -3.847848      1.011263      1.011263      2.022526
     -3.839840      1.095660      1.095660      2.191319
     -3.831832      1.171990      1.171990      2.343980
     -3.823824      1.237692      1.237692      2.475383
     -3.815816      1.290466      1.290466      2.580932
     -3.807808      1.328417      1.328417      2.656834
     -3.799800      1.350171      1.350171      2.700342
     -3.791792      1.354967      1.354967      2.709933
     -3.783784      1.342712      1.342712      2.685425
     -3.775776      1.314003      1.314003      2.628005
     -3.767768      1.270094      1.270094      2.540187
     -3.759760      1.212840      1.212840      2.425681
     -3.751752      1.144602      1.144602      2.289204
     -3.743744      1.068125      1.068125      2.136249
     -3.735736      0.986406      0.986406      1.972813
     -3.727728      0.902563      0.902563      1.805125
     -3.719720      0.819694      0.819694      1.639387
     -3.711712      0.740768      0.740768      1.481535
     -3.703704      0.668519      0.668519      1.337038
     -3.695696      0.605372      0.605372      1.210744
     -3.687688      0.553379      0.553379      1.106759
     -3.679680      0.514187      0.514187      1.028374
     -3.671672      0.489007      0.489007      0.978013
     -3.663664      0.478604      0.478604      0.957208
     -3.655656      0.483293      0.483293      0.966585
     -3.647648      0.502931      0.502931      1.005863
     -3.639640      0.536926      0.536926      1.073851
     -3.631632      0.584232      0.584232      1.168464
     -3.623624      0.643367      0.643367      1.286734
     -3.615616      0.712428      0.712428      1.424856
     -3.607608      0.789127      0.789127      1.578254
     -3.599600      0.870839      0.870839      1.741677
     -3.591592      0.954673      0.954673      1.909346
     -3.583584      1.037566      1.037566      2.075133
     -3.575576      1.116395      1.116395      2.232789
     -3.567568      1.188099      1.188099      2.376198
     -3.559560      1.249822      1.249822      2.499645
     -3.551552      1.299043      1.299043      2.598086
     -3.543544      1.333702      1.333702      2.667404
     -3.535536      1.352307      1.352307      2.704614
     -3.527528      1.354007      1.354007      2.708015
     -3.519520      1.338634      1.338634      2.677268
     -3.511512      1.306699      1.306699      2.613397
     -3.503504      1.259351      1.259351      2.518703
     -3.495495      1.198304      1.198304      2.396607
     -3.487487      1.125716      1.125716      2.251431
     -3.479479      1.044067      1.044067      2.088134
     -3.471471      0.956012      0.956012      1.912023
     -3.463463      0.864234      0.864234      1.728468
     -3.455455      0.771314      0.771314      1.542629
     -3.447447      0.679615      0.679615      1.359230
     -3.439439      0.591188      0.591188      1.182376
     -3.431431      0.507713      0.507713      1.015426
     -3.423423      0.430469      0.430469      0.860938
     -3.415415      0.360326      0.360326      0.720651
     -3.407407      0.297768      0.297768      0.595537
     -3.399399      0.242936      0.242936      0.485872
     -3.391391      0.195675      0.195675      0.391350
     -3.383383      0.155600      0.155600      0.311200
     -3.375375      0.122155      0.122155      0.244311
     -3.367367      0.094677      0.094677      0.189355
     -3.359359      0.072445      0.072445      0.144890
     -3.351351      0.054727      0.054727      0.109454
     -3.343343      0.040816      0.040816      0.081631
     -3.335335      0.030052      0.030052      0.060105
     -3.327327      0.021845      0.021845      0.043691
     -3.319319      0.015677      0.015677      0.031355
     -3.311311      0.011108      0.011108      0.022215
     -3.303303      0.007769      0.007769      0.015539
     -3.295295      0.005365      0.005365      0.010731
     -3.287287      0.003658      0.003658      0.007316
     -3.279279      0.002462      0.002462      0.004924
     -3.271271      0.001636      0.001636      0.003272
     -3.263263      0.001073      0.001073      0.002147
     -3.255255      0.000695      0.000695      0.001391
     -3.247247      0.000445      0.000445      0.000890
     -3.239239      0.000281      0.000281      0.000563
     -3.231231      0.000176      0.000176      0.000353
     -3.223223      0.000110      0.000110      0.000221
     -3.215215      0.000070      0.000070      0.000140
     -3.207207      0.000047      0.000047      0.000095
     -3.199199      0.000037      0.000037      0.000075
     -3.191191      0.000037      0.000037      0.000075
     -3.183183      0.000047      0.000047      0.000095
     -3.175175      0.000070      0.000070      0.000139
     -3.167167      0.000108      0.000108      0.000217
     -3.159159      0.000171      0.000171      0.000342
     -3.151151      0.000270      0.000270      0.000539
     -3.143143      0.000421      0.000421      0.000842
     -3.135135      0.000650      0.000650      0.001299
     -3.127127      0.000990      0.000990      0.001980
     -3.119119      0.001491      0.001491      0.002981
     -3.111111      0.002216      0.002216      0.004431
     -3.103103      0.003252      0.003252      0.006504
     -3.095095      0.004713      0.004713      0.009427
     -3.087087      0.006745      0.006745      0.013491
     -3.079079      0.009532      0.009532      0.019064
     -3.071071      0.013300      0.013300      0.026600
     -3.063063      0.018324      0.018324      0.036648
     -3.055055      0.024929      0.024929      0.049859
     -3.047047      0.033490      0.033490      0.066980
     -3.039039      0.044426      0.044426      0.088852
     -3.031031      0.058195      0.058195      0.116390
     -3.023023      0.075278      0.075278      0.150556
     -3.015015      0.096160      0.096160      0.192321
     -3.007007      0.121306      0.121306      0.242612
     -2.998999      0.151127      0.151127      0.302254
     -2.990991      0.185949      0.185949      0.371899
     -2.982983      0.225978      0.225978      0.451955
     -2.974975      0.271260      0.271260      0.542519
     -2.966967      0.321656      0.321656      0.643312
     -2.958959      0.376819      0.376819      0.753638
     -2.950951      0.436183      0.436183      0.872366
     -2.942943      0.498967      0.498967      0.997935
     -2.934935      0.564201      0.564201      1.128403
     -2.926927      0.630764      0.630764      1.261528
     -2.918919      0.697441      0.697441      1.394882
     -2.910911      0.762998      0.762998      1.525996
     -2.902903      0.826259      0.826259      1.652518
     -2.894895      0.886193      0.886193      1.772386
     -2.886887      0.941987      0.941987      1.883975
     -2.878879      0.993116      0.993116      1.986232
     -2.870871      1.039379      1.039379      2.078758
     -2.862863      1.080917      1.080917      2.161835
     -2.854855      1.118197      1.118197      2.236395
     -2.846847      1.151957      1.151957      2.303914
     -2.838839      1.183127      1.183127      2.366254
     -2.830831      1.212725      1.212725      2.425451
     -2.822823      1.241734      1.241734      2.483469
     -2.814815      1.270977      1.270977      2.541955
     -2.806807      1.301002      1.301002      2.602004
     -2.798799      1.331985      1.331985      2.663970
     -2.790791      1.363667      1.363667      2.727334
     -2.782783      1.395332      1.395332      2.790664
     -2.774775      1.425827      1.425827      2.851655
     -2.766767      1.453629      1.453629      2.907257
     -2.758759      1.476944      1.476944      2.953888
     -2.750751      1.493850      1.493850      2.987701
     -2.742743      1.502444      1.502444      3.004889
     -2.734735      1.501000      1.501000      3.002001
     -2.726727      1.488116      1.488116      2.976232
     -2.718719      1.462835      1.462835      2.925669
     -2.710711      1.424732      1.424732      2.849463
     -2.702703      1.373960      1.373960      2.747920
     -2.694695      1.311249      1.311249      2.622499
     -2.686687      1.237863      1.237863      2.475725
     -2.678679      1.155513      1.155513      2.311026
     -2.670671      1.066254      1.066254      2.132508
     -2.662663      0.972350      0.972350      1.944699
     -2.654655      0.876139      0.876139      1.752278
     -2.646647      0.779904      0.779904      1.559809
     -2.638639      0.685758      0.685758      1.371515
     -2.630631      0.595546      0.595546      1.191091
     -2.622623      0.510784      0.510784      1.021569
     -2.614615      0.432622      0.432622      0.865244
     -2.606607      0.361830      0.361830      0.723660
     -2.598599      0.298818      0.298818      0.597635
     -2.590591      0.243668      0.243668      0.487336
     -2.582583      0.196187      0.196187      0.392373
     -2.574575      0.155958      0.155958      0.311917
     -2.566567      0.122408      0.122408      0.244816
     -2.558559      0.094856      0.094856      0.189712
     -2.550551      0.072572      0.072572      0.145144
     -2.542543      0.054818      0.054818      0.109635
     -2.534535      0.040880      0.040880      0.081760
     -2.526527      0.030099      0.030099      0.060197
     -2.518519      0.021878      0.021878      0.043757
     -2.510511      0.015701      0.015701      0.031402
     -2.502503      0.011124      0.011124      0.022248
     -2.494494      0.007781      0.007781      0.015562
     -2.486486      0.005373      0.005373      0.010747
     -2.478478      0.003663      0.003663      0.007327
     -2.470470      0.002466      0.002466      0.004932
     -2.462462      0.001639      0.001639      0.003277
     -2.454454      0.001075      0.001075      0.002150
     -2.446446      0.000696      0.000696      0.001393
     -2.438438      0.000445      0.000445      0.000890
     -2.430430      0.000281      0.000281      0.000562
     -2.422422      0.000175      0.000175      0.000350
     -2.414414      0.000108      0.000108      0.000216
     -2.406406      0.000065      0.000065      0.000131
     -2.398398      0.000039      0.000039      0.000079
     -2.390390      0.000023      0.000023      0.000046
     -2.382382      0.000014      0.000014      0.000027
     -2.374374      0.000008      0.000008      0.000016
     -2.366366      0.000004      0.000004      0.000009
     -2.358358      0.000003      0.000003      0.000005
     -2.350350      0.000001      0.000001      0.000003
     -2.342342      0.000001      0.000001      0.000002
     -2.334334      0.000000      0.000000      0.000001
     -2.326326      0.000000      0.000000      0.000000
     -2.318318      0.000000      0.000000      0.000000
     -2.310310      0.000000      0.000000      0.000000
     -2.302302      0.000000      0.000000      0.000000
     -2.294294      0.000000      0.000000      0.000000
     -2.286286      0.000000      0.000000      0.000000
     -2.278278      0.000000      0.000000      0.000000
     -2.270270      0.000000      0.000000      0.000000
     -2.262262      0.000000      0.000000      0.000000
     -2.254254      0.000000      0.000000      0.000000
     -2.246246      0.000000      0.000000      0.000000
     -2.238238      0.000000      0.000000      0.000000
     -2.230230      0.000000      0.000000      0.000000
     -2.222222      0.000000      0.000000      0.000000
     -2.214214      0.000000      0.000000      0.000000
     -2.206206      0.000000      0.000000      0.000000
     -2.198198      0.000000      0.000000      0.000000
     -2.190190      0.000000      0.000000      0.000000
     -2.182182      0.000000      0.000000      0.000000
     -2.174174      0.000000      0.000000      0.000000
     -2.166166      0.000000      0.000000      0.000000
     -2.158158      0.000000      0.000000      0.000000
     -2.150150      0.000000      0.000000      0.000000
     -2.142142      0.000000      0.000000      0.000000
     -2.134134      0.000000      0.000000      0.000000
     -2.126126      0.000000      0.000000      0.000000
     -2.118118      0.000000      0.000000      0.000000
     -2.110110      0.000000      0.000000      0.000000
     -2.102102      0.000000      0.000000      0.000000
     -2.094094      0.000000      0.000000      0.000000
     -2.086086      0.000000      0.000000      0.000000
     -2.078078      0.000000      0.000000      0.000000
     -2.070070      0.000000      0.000000      0.000000
     -2.062062      0.000000      0.000000      0.000000
     -2.054054      0.000000      0.000000      0.000000
     -2.046046      0.000000      0.000000      0.000000
     -2.038038      0.000000      0.000000      0.000000
     -2.030030      0.000000      0.000000      0.000000
     -2.022022      0.000000      0.000000      0.000000
     -2.014014      0.000000      0.000000      0.000000
     -2.006006      0.000000      0.000000      0.000000
     -1.997998      0.000000      0.000000      0.000000
     -1.989990      0.000000      0.000000      0.000000
     -1.981982      0.000000      0.000000      0.000000
     -1.973974      0.000000      0.000000      0.000000
     -1.965966      0.000000      0.000000      0.000000
     -1.957958      0.000000      0.000000      0.000001
     -1.949950      0.000001      0.000001      0.000001
     -1.941942      0.000001      0.000001      0.000002
     -1.933934      0.000002      0.000002      0.000004
     -1.925926      0.000003      0.000003      0.000007
     -1.917918      0.000006      0.000006      0.000012
     -1.909910      0.000010      0.000010      0.000021
     -1.901902      0.000018      0.000018      0.000035
     -1.893894      0.000030      0.000030      0.000060
     -1.885886      0.000051      0.000051      0.000101
     -1.877878      0.000084      0.000084      0.000167
     -1.869870      0.000137      0.000137      0.000274
     -1.861862      0.000221      0.000221      0.000442
     -1.853854      0.000353      0.000353      0.000705
     -1.845846      0.000555      0.000555      0.001110
     -1.837838      0.000863      0.000863      0.001725
     -1.829830      0.001323      0.001323      0.002647
     -1.821822      0.002004      0.002004      0.004009
     -1.813814      0.002997      0.002997      0.005995
     -1.805806      0.004425      0.004425      0.008851
     -1.797798      0.006450      0.006450      0.012900
     -1.789790      0.009282      0.009282      0.018563
     -1.781782      0.013186      0.013186      0.026371
     -1.773774      0.018493      0.018493      0.036987
     -1.765766      0.025607      0.025607      0.051214
     -1.757758      0.035005      0.035005      0.070009
     -1.749750      0.047242      0.047242      0.094484
     -1.741742      0.062944      0.062944      0.125889
     -1.733734      0.082798      0.082798      0.165595
     -1.725726      0.107525      0.107525      0.215049
     -1.717718      0.137857      0.137857      0.275714
     -1.709710      0.174493      0.174493      0.348986
     -1.701702      0.218051      0.218051      0.436103
     -1.693694      0.269010      0.269010      0.538020
     -1.685686      0.327649      0.327649      0.655297
     -1.677678      0.393983      0.393983      0.787967
     -1.669670      0.467711      0.467711      0.935422
     -1.661662      0.548160      0.548160      1.096319
     -1.653654      0.634259      0.634259      1.268517
     -1.645646      0.724529      0.724529      1.449058
     -1.637638      0.817099      0.817099      1.634199
     -1.629630      0.909754      0.909754      1.819508
     -1.621622      1.000007      1.000007      2.000013
     -1.613614      1.085205      1.085205      2.170410
     -1.605606      1.162654      1.162654      2.325308
     -1.597598      1.229757      1.229757      2.459513
     -1.589590      1.284156      1.284156      2.568312
     -1.581582      1.323872      1.323872      2.647745
     -1.573574      1.347425      1.347425      2.694849
     -1.565566      1.353919      1.353919      2.707838
     -1.557558      1.343108      1.343108      2.686215
     -1.549550      1.315403      1.315403      2.630806
     -1.541542      1.271853      1.271853      2.543705
     -1.533534      1.214072      1.214072      2.428145
     -1.525526      1.144148      1.144148      2.288297
     -1.517518      1.064510      1.064510      2.129021
     -1.509510      0.977794      0.977794      1.955588
     -1.501502      0.886696      0.886696      1.773392
     -1.493493      0.793838      0.793838      1.587677
     -1.485485      0.701648      0.701648      1.403296
     -1.477477      0.612261      0.612261      1.224522
     -1.469469      0.527453      0.527453      1.054905
     -1.461461      0.448601      0.448601      0.897203
     -1.453453      0.376676      0.376676      0.753351
     -1.445445      0.312252      0.312252      0.624504
     -1.437437      0.255548      0.255548      0.511097
     -1.429429      0.206477      0.206477      0.412955
     -1.421421      0.164705      0.164705      0.329410
     -1.413413      0.129712      0.129712      0.259423
     -1.405405      0.100856      0.100856      0.201711
     -1.397397      0.077428      0.077428      0.154855
     -1.389389      0.058697      0.058697      0.117395
     -1.381381      0.043953      0.043953      0.087906
     -1.373373      0.032528      0.032528      0.065057
     -1.365365      0.023825      0.023825      0.047649
     -1.357357      0.017320      0.017320      0.034640
     -1.349349      0.012577      0.012577      0.025153
     -1.341341      0.009241      0.009241      0.018482
     -1.333333      0.007043      0.007043      0.014086
     -1.325325      0.005792      0.005792      0.011585
     -1.317317      0.005375      0.005375      0.010751
     -1.309309      0.005754      0.005754      0.011507
     -1.301301      0.006962      0.006962      0.013924
     -1.293293      0.009111      0.009111      0.018222
     -1.285285      0.012386      0.012386      0.024772
     -1.277277      0.017054      0.017054      0.034108
     -1.269269      0.023464      0.023464      0.046928
     -1.261261      0.032050      0.032050      0.064100
     -1.253253      0.043330      0.043330      0.086660
     -1.245245      0.057899      0.057899      0.115799
     -1.237237      0.076421      0.076421      0.152842
     -1.229229      0.099606      0.099606      0.199211
     -1.221221      0.128183      0.128183      0.256365
     -1.213213      0.162864      0.162864      0.325728
     -1.205205      0.204296      0.204296      0.408593
     -1.197197      0.253005      0.253005      0.506011
     -1.189189      0.309336      0.309336      0.618672
     -1.181181      0.373390      0.373390      0.746779
     -1.173173      0.444963      0.444963      0.889926
     -1.165165      0.523499      0.523499      1.046998
     -1.157157      0.608048      0.608048      1.216096
     -1.149149      0.697252      0.697252      1.394504
     -1.141141      0.789353      0.789353      1.578707
     -1.133133      0.882233      0.882233      1.764465
     -1.125125      0.973475      0.973475      1.946949
     -1.117117      1.060464      1.060464      2.120929
     -1.109109      1.140506      1.140506      2.281011
     -1.101101      1.210957      1.210957      2.421914
     -1.093093      1.269375      1.269375      2.538749
     -1.085085      1.313654      1.313654      2.627307
     -1.077077      1.342152      1.342152      2.684304
     -1.069069      1.353794      1.353794      2.707588
     -1.061061      1.348135      1.348135      2.696269
     -1.053053      1.325391      1.325391      2.650781
     -1.045045      1.286425      1.286425      2.572850
     -1.037037      1.232693      1.232693      2.465385
     -1.029029      1.166152      1.166152      2.332304
     -1.021021      1.089144      1.089144      2.178288
     -1.013013      1.004258      1.004258      2.008517
     -1.005005      0.914188      0.914188      1.828376
     -0.996997      0.821590      0.821590      1.643181
     -0.988989      0.728962      0.728962      1.457925
     -0.980981      0.638535      0.638535      1.277070
     -0.972973      0.552197      0.552197      1.104395
     -0.964965      0.471448      0.471448      0.942896
     -0.956957      0.397377      0.397377      0.794755
     -0.948949      0.330676      0.330676      0.661352
     -0.940941      0.271664      0.271664      0.543327
     -0.932933      0.220339      0.220339      0.440677
     -0.924925      0.176433      0.176433      0.352866
     -0.916917      0.139476      0.139476      0.278951
     -0.908909      0.108855      0.108855      0.217709
     -0.900901      0.083874      0.083874      0.167747
     -0.892893      0.063802      0.063802      0.127604
     -0.884885      0.047915      0.047915      0.095830
     -0.876877      0.035526      0.035526      0.071051
     -0.868869      0.026004      0.026004      0.052008
     -0.860861      0.018792      0.018792      0.037584
     -0.852853      0.013407      0.013407      0.026814
     -0.844845      0.009443      0.009443      0.018886
     -0.836837      0.006566      0.006566      0.013133
     -0.828829      0.004508      0.004508      0.009016
     -0.820821      0.003055      0.003055      0.006111
     -0.812813      0.002044      0.002044      0.004089
     -0.804805      0.001351      0.001351      0.002701
     -0.796797      0.000881      0.000881      0.001762
     -0.788789      0.000567      0.000567      0.001134
     -0.780781      0.000360      0.000360      0.000721
     -0.772773      0.000226      0.000226      0.000452
     -0.764765      0.000140      0.000140      0.000280
     -0.756757      0.000086      0.000086      0.000171
     -0.748749      0.000052      0.000052      0.000104
     -0.740741      0.000031      0.000031      0.000062
     -0.732733      0.000018      0.000018      0.000036
     -0.724725      0.000011      0.000011      0.000021
     -0.716717      0.000006      0.000006      0.000012
     -0.708709      0.000003      0.000003      0.000007
     -0.700701      0.000002      0.000002      0.000004
     -0.692693      0.000001      0.000001      0.000002
     -0.684685      0.000001      0.000001      0.000001
     -0.676677      0.000000      0.000000      0.000001
     -0.668669      0.000000      0.000000      0.000000
     -0.660661      0.000000      0.000000      0.000000
     -0.652653      0.000000      0.000000      0.000000
     -0.644645      0.000000      0.000000      0.000000
     -0.636637      0.000000      0.000000      0.000000
     -0.628629      0.000000      0.000000      0.000000
     -0.620621      0.000000      0.000000      0.000000
     -0.612613      0.000000      0.000000      0.000000
     -0.604605      0.000000      0.000000      0.000000
     -0.596597      0.000000      0.000000      0.000000
     -0.588589      0.000000      0.000000      0.000000
     -0.580581      0.000000      0.000000      0.000000
     -0.572573      0.000000      0.000000      0.000000
     -0.564565      0.000000      0.000000      0.000000
     -0.556557      0.000000      0.000000      0.000000
     -0.548549      0.000000      0.000000      0.000000
     -0.540541      0.000000      0.000000      0.000000
     -0.532533      0.000000      0.000000      0.000000
     -0.524525      0.000000      0.000000      0.000000
     -0.516517      0.000000      0.000000      0.000000
     -0.508509      0.000000      0.000000      0.000000
     -0.500501      0.000000      0.000000      0.000000
     -0.492492      0.000000      0.000000      0.000000
     -0.484484      0.000000      0.000000      0.000000
     -0.476476      0.000000      0.000000      0.000000
     -0.468468      0.000000      0.000000      0.000000
     -0.460460      0.000000      0.000000      0.000000
     -0.452452      0.000000      0.000000      0.000000
     -0.444444      0.000000      0.000000      0.000000
     -0.436436      0.000000      0.000000      0.000000
     -0.428428      0.000000      0.000000      0.000000
     -0.420420      0.000000      0.000000      0.000000
     -0.412412      0.000000      0.000000      0.000000
     -0.404404      0.000000      0.000000      0.000000
     -0.396396      0.000000      0.000000      0.000000
     -0.388388      0.000000      0.000000      0.000000
     -0.380380      0.000000      0.000000      0.000000
     -0.372372      0.000000      0.000000      0.000000
     -0.364364      0.000000      0.000000      0.000000
     -0.356356      0.000000      0.000000      0.000000
     -0.348348      0.000000      0.000000      0.000000
     -0.340340      0.000000      0.000000      0.000000
     -0.332332      0.000000      0.000000      0.000000
     -0.324324      0.000000      0.000000      0.000000
     -0.316316      0.000000      0.000000      0.000000
     -0.308308      0.000000      0.000000      0.000000
     -0.300300      0.000000      0.000000      0.000000
     -0.292292      0.000000      0.000000      0.000000
     -0.284284      0.000000      0.000000      0.000000
     -0.276276      0.000000      0.000000      0.000000
     -0.268268      0.000000      0.000000      0.000000
     -0.260260      0.000000      0.000000      0.000000
     -0.252252      0.000000      0.000000      0.000000
     -0.244244      0.000000      0.000000      0.000000
     -0.236236      0.000000      0.000000      0.000000
     -0.228228      0.000000      0.000000      0.000000
     -0.220220      0.000000      0.000000      0.000000
     -0.212212      0.000000      0.000000      0.000000
     -0.204204      0.000000      0.000000      0.000000
     -0.196196      0.000000      0.000000      0.000000
     -0.188188      0.000000      0.000000      0.000000
     -0.180180      0.000000      0.000000      0.000000
     -0.172172      0.000000      0.000000      0.000000
     -0.164164      0.000000      0.000000      0.000000
     -0.156156      0.000000      0.000000      0.000000
     -0.148148      0.000000      0.000000      0.000000
     -0.140140      0.000000      0.000000      0.000000
     -0.132132      0.000000      0.000000      0.000000
     -0.124124      0.000000      0.000000      0.000000
     -0.116116      0.000000      0.000000      0.000000
     -0.108108      0.000000      0.000000      0.000000
     -0.100100      0.000000      0.000000      0.000000
     -0.092092      0.000000      0.000000      0.000000
     -0.084084      0.000000      0.000000      0.000000
     -0.076076      0.000000      0.000000      0.000000
     -0.068068      0.000000      0.000000      0.000000
     -0.060060      0.000000      0.000000      0.000000
     -0.052052      0.000000      0.000000      0.000000
     -0.044044      0.000000      0.000000      0.000000
     -0.036036      0.000000      0.000000      0.000000
     -0.028028      0.000000      0.000000      0.000000
     -0.020020      0.000000      0.000000      0.000000
     -0.012012      0.000000      0.000000      0.000000
     -0.004004      0.000000      0.000000      0.000000
      0.004004      0.000000      0.000000      0.000000
      0.012012      0.000000      0.000000      0.000000
      0.020020      0.000000      0.000000      0.000000
      0.028028      0.000000      0.000000      0.000000
      0.036036      0.000000      0.000000      0.000000
      0.044044      0.000000      0.000000      0.000000
      0.052052      0.000000      0.000000      0.000000
      0.060060      0.000000      0.000000      0.000000
      0.068068      0.000000      0.000000      0.000000
      0.076076      0.000000      0.000000      0.000000
      0.084084      0.000000      0.000000      0.000000
      0.092092      0.000000      0.000000      0.000000
      0.100100      0.000000      0.000000      0.000000
      0.108108      0.000000      0.000000      0.000000
      0.116116      0.000000      0.000000      0.000000
      0.124124      0.000000      0.000000      0.000000
      0.132132      0.000000      0.000000      0.000000
      0.140140      0.000000      0.000000      0.000000
      0.148148      0.000000      0.000000      0.000000
      0.156156      0.000000      0.000000      0.000000
      0.164164      0.000000      0.000000      0.000000
      0.172172      0.000000      0.000000      0.000000
      0.180180      0.000000      0.000000      0.000000
      0.188188      0.000000      0.000000      0.000000
      0.196196      0.000000      0.000000      0.000000
      0.204204      0.000000      0.000000      0.000000
      0.212212      0.000000      0.000000      0.000000
      0.220220      0.000000      0.000000      0.000000
      0.228228      0.000000      0.000000      0.000000
      0.236236      0.000000      0.000000      0.000000
      0.244244      0.000000      0.000000      0.000000
      0.252252      0.000000      0.000000      0.000000
      0.260260      0.000000      0.000000      0.000000
      0.268268      0.000000      0.000000      0.000000
      0.276276      0.000000      0.000000      0.000000
      0.284284      0.000000      0.000000      0.000000
      0.292292      0.000000      0.000000      0.000000
      0.300300      0.000000      0.000000      0.000000
      0.308308      0.000000      0.000000      0.000000
      0.316316      0.000000      0.000000      0.000000
      0.324324      0.000000      0.000000      0.000000
      0.332332      0.000000      0.000000      0.000000
      0.340340      0.000000      0.000000      0.000000
      0.348348      0.000000      0.000000      0.000000
      0.356356      0.000000      0.000000      0.000000
      0.364364      0.000000      0.000000      0.000000
      0.372372      0.000000      0.000000      0.000000
      0.380380      0.000000      0.000000      0.000000
      0.388388      0.000000      0.000000      0.000000
      0.396396      0.000000      0.000000      0.000000
      0.404404      0.000000      0.000000      0.000000
      0.412412      0.000000      0.000000      0.000000
      0.420420      0.000000      0.000000      0.000000
      0.428428      0.000000      0.000000      0.000000
      0.436436      0.000000      0.000000      0.000000
      0.444444      0.000000      0.000000      0.000000
      0.452452      0.000000      0.000000      0.000000
      0.460460      0.000000      0.000000      0.000000
      0.468468      0.000000      0.000000      0.000000
      0.476476      0.000000      0.000000      0.000000
      0.484484      0.000000      0.000000      0.000000
      0.492492      0.000000      0.000000      0.000000
      0.500501      0.000000      0.000000      0.000000
      0.508509      0.000000      0.000000      0.000000
      0.516517      0.000000      0.000000      0.000000
      0.524525      0.000000      0.000000      0.000000
      0.532533      0.000000      0.000000      0.000000
      0.540541      0.000000      0.000000      0.000000
      0.548549      0.000000      0.000000      0.000000
      0.556557      0.000000      0.000000      0.000000
      0.564565      0.000000      0.000000      0.000000
      0.572573      0.000000      0.000000      0.000000
      0.580581      0.000000      0.000000      0.000000
      0.588589      0.000000      0.000000      0.000000
      0.596597      0.000000      0.000000      0.000000
      0.604605      0.000000      0.000000      0.000000
      0.612613      0.000000      0.000000      0.000000
      0.620621      0.000000      0.000000      0.000000
      0.628629      0.000000      0.000000      0.000000
      0.636637      0.000000      0.000000      0.000000
      0.644645      0.000000      0.000000      0.000000
      0.652653      0.000000      0.000000      0.000000
      0.660661      0.000000      0.000000      0.000000
      0.668669      0.000000      0.000000      0.000000
      0.676677      0.000000      0.000000      0.000000
      0.684685      0.000000      0.000000      0.000000
      0.692693      0.000000      0.000000      0.000000
      0.700701      0.000000      0.000000      0.000000
      0.708709      0.000000      0.000000      0.000000
      0.716717      0.000000      0.000000      0.000000
      0.724725      0.000000      0.000000      0.000000
      0.732733      0.000000      0.000000      0.000000
      0.740741      0.000000      0.000000      0.000000
      0.748749      0.000000      0.000000      0.000000
      0.756757      0.000000      0.000000      0.000000
      0.764765      0.000000      0.000000      0.000000
      0.772773      0.000000      0.000000      0.000000
      0.780781      0.000000      0.000000      0.000000
      0.788789      0.000000      0.000000      0.000000
      0.796797      0.000000      0.000000      0.000000
      0.804805      0.000000      0.000000      0.000000
      0.812813      0.000000      0.000000      0.000000
      0.820821      0.000000      0.000000      0.000000
      0.828829      0.000000      0.000000      0.000000
      0.836837      0.000000      0.000000      0.000000
      0.844845      0.000000      0.000000      0.000000
      0.852853      0.000000      0.000000      0.000000
      0.860861      0.000000      0.000000      0.000000
      0.868869      0.000000      0.000000      0.000000
      0.876877      0.000000      0.000000      0.000000
      0.884885      0.000000      0.000000      0.000000
      0.892893      0.000000      0.000000      0.000000
      0.900901      0.000000      0.000000      0.000000
      0.908909      0.000000      0.000000      0.000000
      0.916917      0.000000      0.000000      0.000000
      0.924925      0.000000      0.000000      0.000000
      0.932933      0.000000      0.000000      0.000000
      0.940941      0.000000      0.000000      0.000000
      0.948949      0.000000      0.000000      0.000000
      0.956957      0.000000      0.000000      0.000000
      0.964965      0.000000      0.000000      0.000000
      0.972973      0.000000      0.000000      0.000000
      0.980981      0.000000      0.000000      0.000000
      0.988989      0.000000      0.000000      0.000000
      0.996997      0.000000      0.000000      0.000000
      1.005005      0.000000      0.000000      0.000000
      1.013013      0.000000      0.000000      0.000000
      1.021021      0.000000      0.000000      0.000000
      1.029029      0.000000      0.000000      0.000000
      1.037037      0.000000      0.000000      0.000000
      1.045045      0.000000      0.000000      0.000000
      1.053053      0.000000      0.000000      0.000000
      1.061061      0.000000      0.000000      0.000000
      1.069069      0.000000      0.000000      0.000000
      1.077077      0.000000      0.000000      0.000000
      1.085085      0.000000      0.000000      0.000000
      1.093093      0.000000      0.000000      0.000000
      1.101101      0.000000      0.000000      0.000000
      1.109109      0.000000      0.000000      0.000000
      1.117117      0.000000      0.000000      0.000000
      1.125125      0.000000      0.000000      0.000000
      1.133133      0.000000      0.000000      0.000000
      1.141141      0.000000      0.000000      0.000001
      1.149149      0.000001      0.000001      0.000001
      1.157157      0.000001      0.000001      0.000003
      1.165165      0.000002      0.000002      0.000005
      1.173173      0.000004      0.000004      0.000009
      1.181181      0.000008      0.000008      0.000015
      1.189189      0.000013      0.000013      0.000026
      1.197197      0.000023      0.000023      0.000045
      1.205205      0.000038      0.000038      0.000077
      1.213213      0.000064      0.000064      0.000128
      1.221221      0.000105      0.000105      0.000210
      1.229229      0.000171      0.000171      0.000342
      1.237237      0.000275      0.000275      0.000550
      1.245245      0.000436      0.000436      0.000871
      1.253253      0.000682      0.000682      0.001363
      1.261261      0.001053      0.001053      0.002106
      1.269269      0.001606      0.001606      0.003213
      1.277277      0.002419      0.002419      0.004838
      1.285285      0.003597      0.003597      0.007193
      1.293293      0.005279      0.005279      0.010559
      1.301301      0.007651      0.007651      0.015302
      1.309309      0.010947      0.010947      0.021894
      1.317317      0.015464      0.015464      0.030929
      1.325325      0.021569      0.021569      0.043138
      1.333333      0.029701      0.029701      0.059403
      1.341341      0.040383      0.040383      0.080765
      1.349349      0.054211      0.054211      0.108422
      1.357357      0.071856      0.071856      0.143713
      1.365365      0.094046      0.094046      0.188092
      1.373373      0.121541      0.121541      0.243082
      1.381381      0.155108      0.155108      0.310216
      1.389389      0.195474      0.195474      0.390949
      1.397397      0.243285      0.243285      0.486571
      1.405405      0.299048      0.299048      0.598095
      1.413413      0.363076      0.363076      0.726152
      1.421421      0.435440      0.435440      0.870879
      1.429429      0.515918      0.515918      1.031836
      1.437437      0.603968      0.603968      1.207937
      1.445445      0.698710      0.698710      1.397421
      1.453453      0.798935      0.798935      1.597869
      1.461461      0.903136      0.903136      1.806271
      1.469469      1.009566      1.009566      2.019132
      1.477477      1.116318      1.116318      2.232635
      1.485485      1.221416      1.221416      2.442832
      1.493493      1.322927      1.322927      2.645853
      1.501502      1.419059      1.419059      2.838117
      1.509510      1.508262      1.508262      3.016525
      1.517518      1.589303      1.589303      3.178605
      1.525526      1.661307      1.661307      3.322615
      1.533534      1.723781      1.723781      3.447561
      1.541542      1.776581      1.776581      3.553161
      1.549550      1.819865      1.819865      3.639730
      1.557558      1.854008      1.854008      3.708017
      1.565566      1.879504      1.879504      3.759009
      1.573574      1.896861      1.896861      3.793721
      1.581582      1.906504      1.906504      3.813007
      1.589590      1.908702      1.908702      3.817404
      1.597598      1.903521      1.903521      3.807041
      1.605606      1.890809      1.890809      3.781618
      1.613614      1.870227      1.870227      3.740454
      1.621622      1.841306      1.841306      3.682611
      1.629630      1.803530      1.803530      3.607060
      1.637638      1.756442      1.756442      3.512884
      1.645646      1.699744      1.699744      3.399488
      1.653654      1.633390      1.633390      3.266780
      1.661662      1.557660      1.557660      3.115319
      1.669670      1.473200      1.473200      2.946401
      1.677678      1.381034      1.381034      2.762069
      1.685686      1.282531      1.282531      2.565061
      1.693694      1.179347      1.179347      2.358694
      1.701702      1.073344      1.073344      2.146689
      1.709710      0.966486      0.966486      1.932972
      1.717718      0.860732      0.860732      1.721465
      1.725726      0.757937      0.757937      1.515875
      1.733734      0.659759      0.659759      1.319518
      1.741742      0.567589      0.567589      1.135178
      1.749750      0.482506      0.482506      0.965012
      1.757758      0.405254      0.405254      0.810508
      1.765766      0.336243      0.336243      0.672487
      1.773774      0.275573      0.275573      0.551145
      1.781782      0.223068      0.223068      0.446135
      1.789790      0.178330      0.178330      0.356659
      1.797798      0.140789      0.140789      0.281579
      1.805806      0.109762      0.109762      0.219525
      1.813814      0.084500      0.084500      0.169000
      1.821822      0.064234      0.064234      0.128468
      1.829830      0.048213      0.048213      0.096426
      1.837838      0.035731      0.035731      0.071461
      1.845846      0.026145      0.026145      0.052290
      1.853854      0.018889      0.018889      0.037778
      1.861862      0.013474      0.013474      0.026947
      1.869870      0.009489      0.009489      0.018978
      1.877878      0.006598      0.006598      0.013195
      1.885886      0.004529      0.004529      0.009058
      1.893894      0.003070      0.003070      0.006139
      1.901902      0.002054      0.002054      0.004108
      1.909910      0.001357      0.001357      0.002714
      1.917918      0.000885      0.000885      0.001770
      1.925926      0.000570      0.000570      0.001140
      1.933934      0.000362      0.000362      0.000724
      1.941942      0.000227      0.000227      0.000455
      1.949950      0.000141      0.000141      0.000282
      1.957958      0.000086      0.000086      0.000172
      1.965966      0.000052      0.000052      0.000104
      1.973974      0.000031      0.000031      0.000062
      1.981982      0.000018      0.000018      0.000037
      1.989990      0.000011      0.000011      0.000021
      1.997998      0.000006      0.000006      0.000012
      2.006006      0.000003      0.000003      0.000007
      2.014014      0.000002      0.000002      0.000004
      2.022022      0.000001      0.000001      0.000002
      2.030030      0.000001      0.000001      0.000001
      2.038038      0.000000      0.000000      0.000001
      2.046046      0.000000      0.000000      0.000000
      2.054054      0.000000      0.000000      0.000000
      2.062062      0.000000      0.000000      0.000000
      2.070070      0.000000      0.000000      0.000000
      2.078078      0.000000      0.000000      0.000000
      2.086086      0.000000      0.000000      0.000000
      2.094094      0.000000      0.000000      0.000000
      2.102102      0.000000      0.000000      0.000000
      2.110110      0.000000      0.000000      0.000000
      2.118118      0.000000      0.000000      0.000000
      2.126126      0.000000      0.000000      0.000000
      2.134134      0.000000      0.000000      0.000000
      2.142142      0.000000      0.000000      0.000000
      2.150150      0.000000      0.000000      0.000000
      2.158158      0.000000      0.000000      0.000000
      2.166166      0.000000      0.000000      0.000000
      2.174174      0.000000      0.000000      0.000000
      2.182182      0.000000      0.000000      0.000000
      2.190190      0.000000      0.000000      0.000000
      2.198198      0.000000      0.000000      0.000000
      2.206206      0.000000      0.000000      0.000000
      2.214214      0.000000      0.000000      0.000000
      2.222222      0.000000      0.000000      0.000000
      2.230230      0.000000      0.000000      0.000000
      2.238238      0.000000      0.000000      0.000000
      2.246246      0.000000      0.000000      0.000000
      2.254254      0.000000      0.000000      0.000000
      2.262262      0.000000      0.000000      0.000000
      2.270270      0.000000      0.000000      0.000000
      2.278278      0.000000      0.000000      0.000000
      2.286286      0.000000      0.000000      0.000000
      2.294294      0.000000      0.000000      0.000000
      2.302302      0.000000      0.000000      0.000000
      2.310310      0.000000      0.000000      0.000000
      2.318318      0.000000      0.000000      0.000000
      2.326326      0.000000      0.000000      0.000000
      2.334334      0.000000      0.000000      0.000000
      2.342342      0.000000      0.000000      0.000000
      2.350350      0.000000      0.000000      0.000000
      2.358358      0.000000      0.000000      0.000000
      2.366366      0.000000      0.000000      0.000000
      2.374374      0.000000      0.000000      0.000000
      2.382382      0.000000      0.000000      0.000000
      2.390390      0.000000      0.000000      0.000000
      2.398398      0.000000      0.000000      0.000000
      2.406406      0.000000      0.000000      0.000000
      2.414414      0.000000      0.000000      0.000000
      2.422422      0.000000      0.000000      0.000000
      2.430430      0.000000      0.000000      0.000000
      2.438438      0.000000      0.000000      0.000000
      2.446446      0.000000      0.000000      0.000000
      2.454454      0.000000      0.000000      0.000000
      2.462462      0.000000      0.000000      0.000000
      2.470470      0.000000      0.000000      0.000000
      2.478478      0.000000      0.000000      0.000000
      2.486486      0.000000      0.000000      0.000000
      2.494494      0.000000      0.000000      0.000000
      2.502503      0.000000      0.000000      0.000000
      2.510511      0.000000      0.000000      0.000000
      2.518519      0.000000      0.000000      0.000000
      2.526527      0.000000      0.000000      0.000000
      2.534535      0.000000      0.000000      0.000000
      2.542543      0.000000      0.000000      0.000000
      2.550551      0.000000      0.000000      0.000000
      2.558559      0.000000      0.000000      0.000000
      2.566567      0.000000      0.000000      0.000000
      2.574575      0.000000      0.000000      0.000000
      2.582583      0.000000      0.000000      0.000000
      2.590591      0.000000      0.000000      0.000000
      2.598599      0.000000      0.000000      0.000000
      2.606607      0.000000      0.000000      0.000000
      2.614615      0.000000      0.000000      0.000000
      2.622623      0.000000      0.000000      0.000000
      2.630631      0.000000      0.000000      0.000000
      2.638639      0.000000      0.000000      0.000000
      2.646647      0.000000      0.000000      0.000000
      2.654655      0.000000      0.000000      0.000000
      2.662663      0.000000      0.000000      0.000000
      2.670671      0.000000      0.000000      0.000000
      2.678679      0.000000      0.000000      0.000001
      2.686687      0.000001      0.000001      0.000002
      2.694695      0.000001      0.000001      0.000003
      2.702703      0.000002      0.000002      0.000005
      2.710711      0.000004      0.000004      0.000009
      2.718719      0.000008      0.000008      0.000015
      2.726727      0.000013      0.000013      0.000027
      2.734735      0.000023      0.000023      0.000046
      2.742743      0.000039      0.000039      0.000077
      2.750751      0.000065      0.000065      0.000129
      2.758759      0.000106      0.000106      0.000213
      2.766767      0.000173      0.000173      0.000346
      2.774775      0.000278      0.000278      0.000555
      2.782783      0.000440      0.000440      0.000880
      2.790791      0.000688      0.000688      0.001376
      2.798799      0.001063      0.001063      0.002125
      2.806807      0.001620      0.001620      0.003240
      2.814815      0.002439      0.002439      0.004878
      2.822823      0.003625      0.003625      0.007249
      2.830831      0.005318      0.005318      0.010636
      2.838839      0.007704      0.007704      0.015407
      2.846847      0.011017      0.011017      0.022033
      2.854855      0.015554      0.015554      0.031108
      2.862863      0.021680      0.021680      0.043360
      2.870871      0.029834      0.029834      0.059667
      2.878879      0.040530      0.040530      0.081061
      2.886887      0.054361      0.054361      0.108722
      2.894895      0.071982      0.071982      0.143965
      2.902903      0.094101      0.094101      0.188201
      2.910911      0.121448      0.121448      0.242896
      2.918919      0.154745      0.154745      0.309490
      2.926927      0.194658      0.194658      0.389317
      2.934935      0.241746      0.241746      0.483492
      2.942943      0.296399      0.296399      0.592797
      2.950951      0.358775      0.358775      0.717550
      2.958959      0.428744      0.428744      0.857489
      2.966967      0.505830      0.505830      1.011660
      2.974975      0.589170      0.589170      1.178340
      2.982983      0.677496      0.677496      1.354991
      2.990991      0.769135      0.769135      1.538269
      2.998999      0.862041      0.862041      1.724082
      3.007007      0.953858      0.953858      1.907715
      3.015015      1.042003      1.042003      2.084007
      3.023023      1.123788      1.123788      2.247576
      3.031031      1.196547      1.196547      2.393094
      3.039039      1.257781      1.257781      2.515561
      3.047047      1.305299      1.305299      2.610598
      3.055055      1.337350      1.337350      2.674699
      3.063063      1.352726      1.352726      2.705452
      3.071071      1.350842      1.350842      2.701684
      3.079079      1.331770      1.331770      2.663540
      3.087087      1.296235      1.296235      2.592470
      3.095095      1.245570      1.245570      2.491140
      3.103103      1.181633      1.181633      2.363265
      3.111111      1.106692      1.106692      2.213384
      3.119119      1.023295      1.023295      2.046590
      3.127127      0.934125      0.934125      1.868250
      3.135135      0.841858      0.841858      1.683716
      3.143143      0.749036      0.749036      1.498072
      3.151151      0.657955      0.657955      1.315910
      3.159159      0.570584      0.570584      1.141169
      3.167167      0.488510      0.488510      0.977020
      3.175175      0.412911      0.412911      0.825823
      3.183183      0.344564      0.344564      0.689128
      3.191191      0.283866      0.283866      0.567732
      3.199199      0.230880      0.230880      0.461760
      3.207207      0.185391      0.185391      0.370783
      3.215215      0.146968      0.146968      0.293936
      3.223223      0.115023      0.115023      0.230046
      3.231231      0.088875      0.088875      0.177749
      3.239239      0.067795      0.067795      0.135591
      3.247247      0.051057      0.051057      0.102113
      3.255255      0.037961      0.037961      0.075922
      3.263263      0.027864      0.027864      0.055729
      3.271271      0.020192      0.020192      0.040385
      3.279279      0.014446      0.014446      0.028893
      3.287287      0.010204      0.010204      0.020408
      3.295295      0.007115      0.007115      0.014231
      3.303303      0.004898      0.004898      0.009797
      3.311311      0.003329      0.003329      0.006659
      3.319319      0.002234      0.002234      0.004468
      3.327327      0.001480      0.001480      0.002960
      3.335335      0.000968      0.000968      0.001936
      3.343343      0.000625      0.000625      0.001250
      3.351351      0.000398      0.000398      0.000797
      3.359359      0.000251      0.000251      0.000501
      3.367367      0.000156      0.000156      0.000312
      3.375375      0.000096      0.000096      0.000191
      3.383383      0.000058      0.000058      0.000116
      3.391391      0.000035      0.000035      0.000070
      3.399399      0.000021      0.000021      0.000043
      3.407407      0.000013      0.000013      0.000027
      3.415415      0.000010      0.000010      0.000019
      3.423423      0.000009      0.000009      0.000018
      3.431431      0.000011      0.000011      0.000022
      3.439439      0.000016      0.000016      0.000032
      3.447447      0.000026      0.000026      0.000053
      3.455455      0.000044      0.000044      0.000087
      3.463463      0.000072      0.000072      0.000144
      3.471471      0.000118      0.000118      0.000236
      3.479479      0.000191      0.000191      0.000383
      3.487487      0.000306      0.000306      0.000612
      3.495495      0.000484      0.000484      0.000967
      3.503504      0.000755      0.000755      0.001509
      3.511512      0.001162      0.001162      0.002325
      3.519520      0.001768      0.001768      0.003536
      3.527528      0.002654      0.002654      0.005308
      3.535536      0.003934      0.003934      0.007867
      3.543544      0.005756      0.005756      0.011512
      3.551552      0.008315      0.008315      0.016630
      3.559560      0.011859      0.011859      0.023718
      3.567568      0.016698      0.016698      0.033396
      3.575576      0.023212      0.023212      0.046424
      3.583584      0.031855      0.031855      0.063711
      3.591592      0.043161      0.043161      0.086321
      3.599600      0.057733      0.057733      0.115465
      3.607608      0.076241      0.076241      0.152481
      3.615616      0.099399      0.099399      0.198797
      3.623624      0.127940      0.127940      0.255879
      3.631632      0.162577      0.162577      0.325154
      3.639640      0.203959      0.203959      0.407918
      3.647648      0.252614      0.252614      0.505228
      3.655656      0.308888      0.308888      0.617776
      3.663664      0.372885      0.372885      0.745769
      3.671672      0.444404      0.444404      0.888808
      3.679680      0.522892      0.522892      1.045783
      3.687688      0.607400      0.607400      1.214801
      3.695696      0.696576      0.696576      1.393151
      3.703704      0.788663      0.788663      1.577326
      3.711712      0.881545      0.881545      1.763090
      3.719720      0.972809      0.972809      1.945617
      3.727728      1.059840      1.059840      2.119680
      3.735736      1.139943      1.139943      2.279886
      3.743744      1.210475      1.210475      2.420949
      3.751752      1.268990      1.268990      2.537980
      3.759760      1.313381      1.313381      2.626762
      3.767768      1.342002      1.342002      2.684003
      3.775776      1.353771      1.353771      2.707542
      3.783784      1.348241      1.348241      2.696481
      3.791792      1.325621      1.325621      2.651242
      3.799800      1.286771      1.286771      2.573542
      3.807808      1.233142      1.233142      2.466284
      3.815816      1.166688      1.166688      2.333377
      3.823824      1.089749      1.089749      2.179498
      3.831832      1.004912      1.004912      2.009824
      3.839840      0.914870      0.914870      1.829740
      3.847848      0.822282      0.822282      1.644563
      3.855856      0.729645      0.729645      1.459291
      3.863864      0.639194      0.639194      1.278389
      3.871872      0.552820      0.552820      1.105640
      3.879880      0.472025      0.472025      0.944050
      3.887888      0.397901      0.397901      0.795803
      3.895896      0.331143      0.331143      0.662287
      3.903904      0.272074      0.272074      0.544148
      3.911912      0.220692      0.220692      0.441385
      3.919920      0.176733      0.176733      0.353466
      3.927928      0.139726      0.139726      0.279452
      3.935936      0.109061      0.109061      0.218121
      3.943944      0.084040      0.084040      0.168081
      3.951952      0.063935      0.063935      0.127870
      3.959960      0.048020      0.048020      0.096039
      3.967968      0.035606      0.035606      0.071213
      3.975976      0.026066      0.026066      0.052131
      3.983984      0.018838      0.018838      0.037676
      3.991992      0.013441      0.013441      0.026882
      4.000000      0.009468      0.009468      0.018936
